0.000000 5.000000 -0.005495
0.100000 5.000000 -0.015701
0.200000 5.000000 0.004712
0.300000 5.000000 -0.036114
0.400000 5.000000 -0.015701
0.500000 5.000000 0.004712
0.600000 5.000000 0.014918
0.700000 5.000000 0.025125
0.800000 5.000000 0.025125
0.900000 5.000000 0.014918
1.000000 5.000000 0.055745
1.100000 5.000000 0.065951
1.200000 5.000000 0.086364
1.300000 5.000000 0.086364
1.400000 5.000000 0.106777
1.500000 5.000000 0.137397
1.600000 5.000000 0.127190
1.700000 5.000000 0.147604
1.800000 5.000000 0.168017
1.900000 5.000000 0.208843
2.000000 5.000000 0.208843
2.100000 5.000000 0.229256
2.200000 5.000000 0.259876
2.300000 5.000000 0.290495
2.400000 5.000000 0.300702
2.500000 5.000000 0.321115
2.600000 5.000000 0.351735
2.700000 5.000000 0.361941
2.800000 5.000000 0.382354
2.900000 5.000000 0.423181
3.000000 5.000000 0.433387
3.100000 5.000000 0.453800
3.200000 5.000000 0.484420
3.300000 5.000000 0.515040
3.400000 5.000000 0.545659
3.500000 5.000000 0.576279
3.600000 5.000000 0.596692
3.700000 5.000000 0.627312
3.800000 5.000000 0.668138
3.900000 5.000000 0.698758
4.000000 5.000000 0.708964
4.100000 5.000000 0.749790
4.200000 5.000000 0.749790
4.300000 5.000000 0.800823
4.400000 5.000000 0.811030
4.500000 5.000000 0.851856
4.600000 5.000000 0.882476
4.700000 5.000000 0.913095
4.800000 5.000000 0.953921
4.900000 5.000000 0.974335
5.000000 5.000000 0.994748
5.100000 5.000000 1.035574
5.200000 5.000000 1.076400
5.300000 5.000000 1.107020
5.400000 5.000000 1.086607
5.500000 5.000000 1.147846
5.600000 5.000000 1.178466
5.700000 5.000000 1.209085
5.800000 5.000000 1.249912
5.900000 5.000000 1.270325
6.000000 5.000000 1.280531
6.100000 5.000000 1.331564
6.200000 5.000000 1.331564
6.300000 5.000000 1.372390
6.400000 5.000000 1.423423
6.500000 5.000000 1.443836
6.600000 5.000000 1.474456
6.700000 5.000000 1.505075
6.800000 5.000000 1.566315
6.900000 5.000000 1.586728
7.000000 5.000000 1.596934
7.100000 5.000000 1.647967
7.200000 5.000000 1.668380
7.300000 5.000000 1.688793
7.400000 5.000000 1.688793
7.500000 5.000000 1.770446
7.600000 5.000000 1.780652
7.700000 5.000000 1.790859
7.800000 5.000000 1.841892
7.900000 5.000000 1.872511
8.000000 5.000000 1.862305
8.100000 5.000000 1.923544
8.200000 5.000000 1.974577
8.300000 5.000000 1.984784
8.400000 5.000000 2.035816
8.500000 5.000000 2.035816
8.600000 5.000000 2.076643
8.700000 5.000000 2.107262
8.800000 5.000000 2.127675
8.900000 5.000000 2.148088
9.000000 5.000000 2.178708
9.100000 5.000000 2.188915
9.200000 5.000000 2.250154
9.300000 5.000000 2.270567
9.400000 5.000000 2.290980
9.500000 5.000000 2.321600
9.600000 5.000000 2.352220
9.700000 5.000000 2.372633
9.800000 5.000000 2.403252
9.900000 5.000000 2.433872
10.000000 5.000000 2.454285
10.100000 5.000000 2.474698
10.200000 5.000000 2.495111
10.300000 5.000000 2.546144
10.400000 5.000000 2.566557
10.500000 5.000000 2.556351
10.600000 5.000000 2.597177
10.700000 5.000000 2.597177
10.800000 5.000000 2.648210
10.900000 5.000000 2.668623
11.000000 5.000000 2.678829
11.100000 5.000000 2.709449
11.200000 5.000000 2.750275
11.300000 5.000000 2.791102
11.400000 5.000000 2.780895
11.500000 5.000000 2.831928
11.600000 5.000000 2.852341
11.700000 5.000000 2.872754
11.800000 5.000000 2.903374
11.900000 5.000000 2.913580
12.000000 5.000000 2.944200
12.100000 5.000000 2.964613
12.200000 5.000000 2.995233
12.300000 5.000000 3.005439
12.400000 0.000000 3.005439
12.500000 0.000000 3.046265
12.600000 0.000000 3.056472
12.700000 0.000000 3.087092
12.800000 0.000000 3.087092
12.900000 0.000000 3.127918
13.000000 0.000000 3.127918
13.100000 0.000000 3.138124
13.200000 0.000000 3.158538
13.300000 0.000000 3.168744
13.400000 0.000000 3.168744
13.500000 0.000000 3.178951
13.600000 0.000000 3.168744
13.700000 0.000000 3.168744
13.800000 0.000000 3.199364
13.900000 0.000000 3.189157
14.000000 0.000000 3.199364
14.100000 0.000000 3.219777
14.200000 0.000000 3.199364
14.300000 0.000000 3.209570
14.400000 0.000000 3.219777
14.500000 0.000000 3.199364
14.600000 0.000000 3.209570
14.700000 0.000000 3.178951
14.800000 0.000000 3.168744
14.900000 0.000000 3.158538
15.000000 0.000000 3.168744
15.100000 0.000000 3.158538
15.200000 0.000000 3.168744
15.300000 0.000000 3.158538
15.400000 0.000000 3.148331
15.500000 0.000000 3.138124
15.600000 0.000000 3.148331
15.700000 0.000000 3.117711
15.800000 0.000000 3.107505
15.900000 0.000000 3.087092
16.000000 0.000000 3.087092
16.100000 0.000000 3.097298
16.200000 0.000000 3.056472
16.300000 0.000000 3.025852
16.400000 0.000000 3.025852
16.500000 0.000000 3.005439
16.600000 0.000000 2.995233
16.700000 0.000000 3.005439
16.800000 0.000000 2.995233
16.900000 0.000000 2.964613
17.000000 0.000000 2.954406
17.100000 0.000000 2.933993
17.200000 0.000000 2.913580
17.300000 0.000000 2.903374
17.400000 0.000000 2.882961
17.500000 0.000000 2.862547
17.600000 0.000000 2.852341
17.700000 0.000000 2.831928
17.800000 0.000000 2.811515
17.900000 0.000000 2.791102
18.000000 0.000000 2.791102
18.100000 0.000000 2.760482
18.200000 0.000000 2.740069
18.300000 0.000000 2.729862
18.400000 0.000000 2.689036
18.500000 0.000000 2.699243
18.600000 0.000000 2.668623
18.700000 0.000000 2.658416
18.800000 0.000000 2.627797
18.900000 0.000000 2.607384
19.000000 0.000000 2.597177
19.100000 0.000000 2.586970
19.200000 0.000000 2.535938
19.300000 0.000000 2.556351
19.400000 0.000000 2.525731
19.500000 0.000000 2.505318
19.600000 0.000000 2.484905
19.700000 0.000000 2.464492
19.800000 0.000000 2.454285
19.900000 0.000000 2.433872
20.000000 0.000000 2.403252
20.100000 0.000000 2.393046
20.200000 0.000000 2.352220
20.300000 0.000000 2.352220
20.400000 0.000000 2.352220
20.500000 0.000000 2.301187
20.600000 0.000000 2.311393
20.700000 0.000000 2.290980
20.800000 0.000000 2.239947
20.900000 0.000000 2.209328
21.000000 0.000000 2.229741
21.100000 0.000000 2.219534
21.200000 0.000000 2.188915
21.300000 0.000000 2.158295
21.400000 0.000000 2.137882
21.500000 0.000000 2.127675
21.600000 0.000000 2.076643
21.700000 0.000000 2.076643
21.800000 0.000000 2.046023
21.900000 0.000000 2.056229
22.000000 0.000000 2.035816
22.100000 0.000000 2.015403
22.200000 0.000000 1.994990
22.300000 0.000000 1.984784
22.400000 0.000000 1.933751
22.500000 0.000000 1.943957
22.600000 0.000000 1.913338
22.700000 0.000000 1.892925
22.800000 0.000000 1.872511
22.900000 0.000000 1.872511
23.000000 0.000000 1.841892
23.100000 0.000000 1.831685
23.200000 0.000000 1.821479
23.300000 0.000000 1.801066
23.400000 0.000000 1.780652
23.500000 0.000000 1.739826
23.600000 0.000000 1.739826
23.700000 0.000000 1.729620
23.800000 0.000000 1.699000
23.900000 0.000000 1.658174
24.000000 0.000000 1.678587
24.100000 0.000000 1.658174
24.200000 0.000000 1.627554
24.300000 0.000000 1.617348
24.400000 0.000000 1.617348
24.500000 0.000000 1.617348
24.600000 0.000000 1.576521
24.700000 0.000000 1.556108
24.800000 0.000000 1.525489
24.900000 0.000000 1.545902
25.000000 0.000000 1.515282
25.100000 0.000000 1.505075
25.200000 0.000000 1.494869
25.300000 0.000000 1.474456
25.400000 0.000000 1.454043
25.500000 0.000000 1.443836
25.600000 0.000000 1.433630
25.700000 0.000000 1.413216
25.800000 0.000000 1.413216
25.900000 0.000000 1.382597
26.000000 0.000000 1.351977
26.100000 0.000000 1.351977
26.200000 0.000000 1.341771
26.300000 0.000000 1.331564
26.400000 0.000000 1.321357
26.500000 0.000000 1.290738
26.600000 0.000000 1.290738
26.700000 0.000000 1.270325
26.800000 0.000000 1.249912
26.900000 0.000000 1.249912
27.000000 0.000000 1.229498
27.100000 0.000000 1.219292
27.200000 0.000000 1.198879
27.300000 0.000000 1.178466
27.400000 0.000000 1.178466
27.500000 0.000000 1.178466
27.600000 0.000000 1.158053
27.700000 0.000000 1.147846
27.800000 0.000000 1.127433
27.900000 0.000000 1.117226
28.000000 0.000000 1.117226
28.100000 0.000000 1.076400
28.200000 0.000000 1.076400
28.300000 0.000000 1.076400
28.400000 0.000000 1.045780
28.500000 0.000000 1.045780
28.600000 0.000000 1.035574
28.700000 0.000000 1.015161
28.800000 0.000000 1.035574
28.900000 0.000000 0.984541
29.000000 0.000000 0.964128
29.100000 0.000000 0.984541
29.200000 0.000000 0.964128
29.300000 0.000000 0.953921
29.400000 0.000000 0.943715
29.500000 0.000000 0.913095
29.600000 0.000000 0.923302
29.700000 0.000000 0.913095
29.800000 0.000000 0.882476
29.900000 0.000000 0.902889
30.000000 0.000000 0.872269
30.100000 0.000000 0.882476
30.200000 0.000000 0.862062
30.300000 0.000000 0.841649
30.400000 0.000000 0.851856
30.500000 0.000000 0.841649
30.600000 0.000000 0.811030
30.700000 0.000000 0.811030
30.800000 0.000000 0.811030
30.900000 0.000000 0.800823
31.000000 0.000000 0.780410
31.100000 0.000000 0.770203
31.200000 0.000000 0.739584
31.300000 0.000000 0.749790
31.400000 0.000000 0.749790
31.500000 0.000000 0.739584
31.600000 0.000000 0.739584
31.700000 0.000000 0.739584
31.800000 0.000000 0.719171
31.900000 0.000000 0.708964
32.000000 0.000000 0.708964
32.100000 0.000000 0.688551
32.200000 0.000000 0.668138
32.300000 0.000000 0.678344
32.400000 0.000000 0.657931
32.500000 0.000000 0.637518
32.600000 0.000000 0.647725
32.700000 0.000000 0.647725
32.800000 0.000000 0.606899
32.900000 0.000000 0.617105
33.000000 0.000000 0.617105
33.100000 0.000000 0.576279
33.200000 0.000000 0.586485
33.300000 0.000000 0.566072
33.400000 0.000000 0.596692
33.500000 0.000000 0.586485
33.600000 0.000000 0.555866
33.700000 0.000000 0.555866
33.800000 0.000000 0.555866
33.900000 0.000000 0.566072
34.000000 0.000000 0.545659
34.100000 0.000000 0.545659
34.200000 0.000000 0.545659
34.300000 0.000000 0.525246
34.400000 0.000000 0.535453
34.500000 0.000000 0.504833
34.600000 0.000000 0.504833
34.700000 0.000000 0.515040
34.800000 0.000000 0.494626
34.900000 0.000000 0.515040
35.000000 0.000000 0.484420
35.100000 0.000000 0.494626
35.200000 0.000000 0.474213
35.300000 0.000000 0.464007
35.400000 0.000000 0.464007
35.500000 0.000000 0.464007
35.600000 0.000000 0.433387
35.700000 0.000000 0.433387
35.800000 0.000000 0.423181
35.900000 0.000000 0.443594
36.000000 0.000000 0.423181
36.100000 0.000000 0.443594
36.200000 0.000000 0.423181
36.300000 0.000000 0.412974
36.400000 0.000000 0.423181
36.500000 0.000000 0.412974
36.600000 0.000000 0.412974
36.700000 0.000000 0.402767
36.800000 0.000000 0.392561
36.900000 0.000000 0.392561
37.000000 0.000000 0.372148
37.100000 0.000000 0.392561
37.200000 0.000000 0.361941
37.300000 0.000000 0.341528
37.400000 0.000000 0.351735
37.500000 0.000000 0.341528
37.600000 0.000000 0.351735
37.700000 0.000000 0.341528
37.800000 0.000000 0.331322
37.900000 0.000000 0.341528
38.000000 0.000000 0.321115
38.100000 0.000000 0.331322
38.200000 0.000000 0.331322
38.300000 0.000000 0.321115
38.400000 0.000000 0.331322
38.500000 0.000000 0.310908
38.600000 0.000000 0.321115
38.700000 0.000000 0.300702
38.800000 0.000000 0.290495
38.900000 0.000000 0.280289
39.000000 0.000000 0.290495
39.100000 0.000000 0.280289
39.200000 0.000000 0.280289
39.300000 0.000000 0.270082
39.400000 0.000000 0.280289
39.500000 0.000000 0.280289
39.600000 0.000000 0.270082
39.700000 0.000000 0.259876
39.800000 0.000000 0.270082
39.900000 0.000000 0.249669
40.000000 0.000000 0.259876
40.100000 0.000000 0.249669
40.200000 0.000000 0.249669
40.300000 0.000000 0.249669
40.400000 0.000000 0.239463
40.500000 0.000000 0.239463
40.600000 0.000000 0.239463
40.700000 0.000000 0.249669
40.800000 0.000000 0.229256
40.900000 0.000000 0.188430
41.000000 0.000000 0.239463
41.100000 0.000000 0.188430
41.200000 0.000000 0.219049
41.300000 0.000000 0.219049
41.400000 0.000000 0.198636
41.500000 0.000000 0.208843
41.600000 0.000000 0.198636
41.700000 0.000000 0.219049
41.800000 0.000000 0.188430
41.900000 0.000000 0.188430
42.000000 0.000000 0.198636
42.100000 0.000000 0.198636
42.200000 0.000000 0.178223
42.300000 0.000000 0.178223
42.400000 0.000000 0.168017
42.500000 0.000000 0.188430
42.600000 0.000000 0.157810
42.700000 0.000000 0.188430
42.800000 0.000000 0.168017
42.900000 0.000000 0.178223
43.000000 0.000000 0.147604
43.100000 0.000000 0.147604
43.200000 0.000000 0.157810
43.300000 0.000000 0.168017
43.400000 0.000000 0.168017
43.500000 0.000000 0.157810
43.600000 0.000000 0.147604
43.700000 0.000000 0.147604
43.800000 0.000000 0.147604
43.900000 0.000000 0.137397
44.000000 0.000000 0.127190
44.100000 0.000000 0.137397
44.200000 0.000000 0.147604
44.300000 0.000000 0.147604
44.400000 0.000000 0.116984
44.500000 0.000000 0.137397
44.600000 0.000000 0.137397
44.700000 0.000000 0.116984
44.800000 0.000000 0.137397
44.900000 0.000000 0.147604
45.000000 0.000000 0.127190
45.100000 0.000000 0.127190
45.200000 0.000000 0.116984
45.300000 0.000000 0.106777
45.400000 0.000000 0.116984
45.500000 0.000000 0.106777
45.600000 0.000000 0.106777
45.700000 0.000000 0.106777
45.800000 0.000000 0.106777
45.900000 0.000000 0.106777
46.000000 0.000000 0.106777
46.100000 0.000000 0.106777
46.200000 0.000000 0.106777
46.300000 0.000000 0.096571
46.400000 0.000000 0.076158
46.500000 0.000000 0.096571
46.600000 0.000000 0.096571
46.700000 0.000000 0.096571
46.800000 0.000000 0.106777
46.900000 0.000000 0.076158
47.000000 0.000000 0.096571
47.100000 0.000000 0.086364
47.200000 0.000000 0.076158
47.300000 0.000000 0.065951
47.400000 0.000000 0.096571
47.500000 0.000000 0.086364
47.600000 0.000000 0.096571
47.700000 0.000000 0.096571
47.800000 0.000000 0.045538
47.900000 0.000000 0.065951
48.000000 0.000000 0.065951
48.100000 0.000000 0.076158
48.200000 0.000000 0.076158
48.300000 0.000000 0.065951
48.400000 0.000000 0.065951
48.500000 0.000000 0.055745
48.600000 0.000000 0.055745
48.700000 0.000000 0.076158
48.800000 0.000000 0.065951
48.900000 0.000000 0.076158
49.000000 0.000000 0.065951
49.100000 0.000000 0.055745
49.200000 0.000000 0.076158
49.300000 0.000000 0.065951
49.400000 0.000000 0.065951
49.500000 0.000000 0.065951
49.600000 0.000000 0.065951
49.700000 0.000000 0.025125
49.800000 0.000000 0.045538
49.900000 0.000000 0.065951
