0.000000 5.000000 0.014918
0.100000 5.000000 -0.005495
0.200000 5.000000 -0.005495
0.300000 5.000000 0.004712
0.400000 5.000000 -0.015701
0.500000 5.000000 0.004712
0.600000 5.000000 0.014918
0.700000 5.000000 0.025125
0.800000 5.000000 0.035331
0.900000 5.000000 0.025125
1.000000 5.000000 0.035331
1.100000 5.000000 0.076158
1.200000 5.000000 0.086364
1.300000 5.000000 0.096571
1.400000 5.000000 0.106777
1.500000 5.000000 0.127190
1.600000 5.000000 0.137397
1.700000 5.000000 0.157810
1.800000 5.000000 0.188430
1.900000 5.000000 0.188430
2.000000 5.000000 0.229256
2.100000 5.000000 0.229256
2.200000 5.000000 0.270082
2.300000 5.000000 0.280289
2.400000 5.000000 0.310908
2.500000 5.000000 0.331322
2.600000 5.000000 0.341528
2.700000 5.000000 0.372148
2.800000 5.000000 0.402767
2.900000 5.000000 0.423181
3.000000 5.000000 0.443594
3.100000 5.000000 0.474213
3.200000 5.000000 0.484420
3.300000 5.000000 0.525246
3.400000 5.000000 0.545659
3.500000 5.000000 0.576279
3.600000 5.000000 0.627312
3.700000 5.000000 0.637518
3.800000 5.000000 0.657931
3.900000 5.000000 0.678344
4.000000 5.000000 0.719171
4.100000 5.000000 0.739584
4.200000 5.000000 0.770203
4.300000 5.000000 0.800823
4.400000 5.000000 0.821236
4.500000 5.000000 0.851856
4.600000 5.000000 0.872269
4.700000 5.000000 0.913095
4.800000 5.000000 0.953921
4.900000 5.000000 0.974335
5.000000 5.000000 1.025367
5.100000 5.000000 1.025367
5.200000 5.000000 1.066194
5.300000 5.000000 1.086607
5.400000 5.000000 1.117226
5.500000 5.000000 1.168259
5.600000 5.000000 1.178466
5.700000 5.000000 1.229498
5.800000 5.000000 1.249912
5.900000 5.000000 1.270325
6.000000 5.000000 1.311151
6.100000 5.000000 1.321357
6.200000 5.000000 1.362184
6.300000 5.000000 1.382597
6.400000 5.000000 1.433630
6.500000 5.000000 1.454043
6.600000 5.000000 1.474456
6.700000 5.000000 1.505075
6.800000 5.000000 1.535695
6.900000 5.000000 1.576521
7.000000 5.000000 1.607141
7.100000 5.000000 1.637761
7.200000 5.000000 1.668380
7.300000 5.000000 1.678587
7.400000 5.000000 1.719413
7.500000 5.000000 1.750033
7.600000 5.000000 1.801066
7.700000 5.000000 1.821479
7.800000 5.000000 1.831685
7.900000 5.000000 1.882718
8.000000 5.000000 1.903131
8.100000 5.000000 1.923544
8.200000 5.000000 1.974577
8.300000 5.000000 2.005197
8.400000 5.000000 2.015403
8.500000 5.000000 2.046023
8.600000 5.000000 2.076643
8.700000 5.000000 2.107262
8.800000 5.000000 2.137882
8.900000 5.000000 2.158295
9.000000 5.000000 2.178708
9.100000 5.000000 2.209328
9.200000 5.000000 2.239947
9.300000 5.000000 2.270567
9.400000 5.000000 2.311393
9.500000 5.000000 2.331806
9.600000 5.000000 2.352220
9.700000 5.000000 2.382839
9.800000 5.000000 2.403252
9.900000 5.000000 2.423665
10.000000 5.000000 2.433872
10.100000 5.000000 2.484905
10.200000 5.000000 2.515525
10.300000 5.000000 2.525731
10.400000 5.000000 2.556351
10.500000 5.000000 2.566557
10.600000 5.000000 2.607384
10.700000 5.000000 2.638003
10.800000 5.000000 2.648210
10.900000 5.000000 2.678829
11.000000 5.000000 2.689036
11.100000 5.000000 2.740069
11.200000 5.000000 2.740069
11.300000 5.000000 2.780895
11.400000 5.000000 2.801308
11.500000 5.000000 2.821721
11.600000 5.000000 2.862547
11.700000 5.000000 2.862547
11.800000 5.000000 2.913580
11.900000 5.000000 2.923787
12.000000 5.000000 2.954406
12.100000 5.000000 2.954406
12.200000 5.000000 2.974820
12.300000 5.000000 3.005439
12.400000 0.000000 3.046265
12.500000 0.000000 3.015646
12.600000 0.000000 3.056472
12.700000 0.000000 3.097298
12.800000 0.000000 3.107505
12.900000 0.000000 3.138124
13.000000 0.000000 3.138124
13.100000 0.000000 3.148331
13.200000 0.000000 3.148331
13.300000 0.000000 3.168744
13.400000 0.000000 3.168744
13.500000 0.000000 3.178951
13.600000 0.000000 3.178951
13.700000 0.000000 3.168744
13.800000 0.000000 3.199364
13.900000 0.000000 3.209570
14.000000 0.000000 3.189157
14.100000 0.000000 3.209570
14.200000 0.000000 3.199364
14.300000 0.000000 3.209570
14.400000 0.000000 3.199364
14.500000 0.000000 3.199364
14.600000 0.000000 3.199364
14.700000 0.000000 3.168744
14.800000 0.000000 3.168744
14.900000 0.000000 3.189157
15.000000 0.000000 3.168744
15.100000 0.000000 3.168744
15.200000 0.000000 3.168744
15.300000 0.000000 3.148331
15.400000 0.000000 3.148331
15.500000 0.000000 3.127918
15.600000 0.000000 3.117711
15.700000 0.000000 3.117711
15.800000 0.000000 3.107505
15.900000 0.000000 3.097298
16.000000 0.000000 3.087092
16.100000 0.000000 3.087092
16.200000 0.000000 3.025852
16.300000 0.000000 3.036059
16.400000 0.000000 3.046265
16.500000 0.000000 3.025852
16.600000 0.000000 3.005439
16.700000 0.000000 2.985026
16.800000 0.000000 2.954406
16.900000 0.000000 2.954406
17.000000 0.000000 2.944200
17.100000 0.000000 2.954406
17.200000 0.000000 2.944200
17.300000 0.000000 2.903374
17.400000 0.000000 2.893167
17.500000 0.000000 2.872754
17.600000 0.000000 2.831928
17.700000 0.000000 2.831928
17.800000 0.000000 2.831928
17.900000 0.000000 2.801308
18.000000 0.000000 2.780895
18.100000 0.000000 2.760482
18.200000 0.000000 2.750275
18.300000 0.000000 2.709449
18.400000 0.000000 2.709449
18.500000 0.000000 2.689036
18.600000 0.000000 2.668623
18.700000 0.000000 2.658416
18.800000 0.000000 2.648210
18.900000 0.000000 2.617590
19.000000 0.000000 2.597177
19.100000 0.000000 2.586970
19.200000 0.000000 2.566557
19.300000 0.000000 2.535938
19.400000 0.000000 2.505318
19.500000 0.000000 2.505318
19.600000 0.000000 2.474698
19.700000 0.000000 2.464492
19.800000 0.000000 2.454285
19.900000 0.000000 2.433872
20.000000 0.000000 2.403252
20.100000 0.000000 2.382839
20.200000 0.000000 2.382839
20.300000 0.000000 2.352220
20.400000 0.000000 2.342013
20.500000 0.000000 2.301187
20.600000 0.000000 2.311393
20.700000 0.000000 2.250154
20.800000 0.000000 2.270567
20.900000 0.000000 2.239947
21.000000 0.000000 2.229741
21.100000 0.000000 2.199121
21.200000 0.000000 2.168502
21.300000 0.000000 2.168502
21.400000 0.000000 2.137882
21.500000 0.000000 2.137882
21.600000 0.000000 2.066436
21.700000 0.000000 2.076643
21.800000 0.000000 2.056229
21.900000 0.000000 2.056229
22.000000 0.000000 2.025610
22.100000 0.000000 2.025610
22.200000 0.000000 1.984784
22.300000 0.000000 1.964370
22.400000 0.000000 1.943957
22.500000 0.000000 1.943957
22.600000 0.000000 1.933751
22.700000 0.000000 1.892925
22.800000 0.000000 1.872511
22.900000 0.000000 1.862305
23.000000 0.000000 1.841892
23.100000 0.000000 1.831685
23.200000 0.000000 1.801066
23.300000 0.000000 1.801066
23.400000 0.000000 1.770446
23.500000 0.000000 1.780652
23.600000 0.000000 1.750033
23.700000 0.000000 1.729620
23.800000 0.000000 1.709207
23.900000 0.000000 1.709207
24.000000 0.000000 1.668380
24.100000 0.000000 1.658174
24.200000 0.000000 1.647967
24.300000 0.000000 1.637761
24.400000 0.000000 1.607141
24.500000 0.000000 1.596934
24.600000 0.000000 1.576521
24.700000 0.000000 1.566315
24.800000 0.000000 1.545902
24.900000 0.000000 1.535695
25.000000 0.000000 1.525489
25.100000 0.000000 1.494869
25.200000 0.000000 1.474456
25.300000 0.000000 1.474456
25.400000 0.000000 1.464249
25.500000 0.000000 1.413216
25.600000 0.000000 1.433630
25.700000 0.000000 1.413216
25.800000 0.000000 1.392803
25.900000 0.000000 1.382597
26.000000 0.000000 1.351977
26.100000 0.000000 1.341771
26.200000 0.000000 1.351977
26.300000 0.000000 1.331564
26.400000 0.000000 1.300944
26.500000 0.000000 1.260118
26.600000 0.000000 1.260118
26.700000 0.000000 1.270325
26.800000 0.000000 1.270325
26.900000 0.000000 1.239705
27.000000 0.000000 1.229498
27.100000 0.000000 1.219292
27.200000 0.000000 1.198879
27.300000 0.000000 1.188672
27.400000 0.000000 1.198879
27.500000 0.000000 1.158053
27.600000 0.000000 1.147846
27.700000 0.000000 1.158053
27.800000 0.000000 1.127433
27.900000 0.000000 1.117226
28.000000 0.000000 1.107020
28.100000 0.000000 1.086607
28.200000 0.000000 1.086607
28.300000 0.000000 1.076400
28.400000 0.000000 1.045780
28.500000 0.000000 1.045780
28.600000 0.000000 1.035574
28.700000 0.000000 1.025367
28.800000 0.000000 1.015161
28.900000 0.000000 0.994748
29.000000 0.000000 0.984541
29.100000 0.000000 0.984541
29.200000 0.000000 0.964128
29.300000 0.000000 0.964128
29.400000 0.000000 0.964128
29.500000 0.000000 0.943715
29.600000 0.000000 0.923302
29.700000 0.000000 0.913095
29.800000 0.000000 0.902889
29.900000 0.000000 0.902889
30.000000 0.000000 0.882476
30.100000 0.000000 0.872269
30.200000 0.000000 0.862062
30.300000 0.000000 0.872269
30.400000 0.000000 0.841649
30.500000 0.000000 0.831443
30.600000 0.000000 0.800823
30.700000 0.000000 0.790617
30.800000 0.000000 0.800823
30.900000 0.000000 0.790617
31.000000 0.000000 0.790617
31.100000 0.000000 0.780410
31.200000 0.000000 0.770203
31.300000 0.000000 0.739584
31.400000 0.000000 0.739584
31.500000 0.000000 0.729377
31.600000 0.000000 0.739584
31.700000 0.000000 0.729377
31.800000 0.000000 0.719171
31.900000 0.000000 0.708964
32.000000 0.000000 0.698758
32.100000 0.000000 0.698758
32.200000 0.000000 0.647725
32.300000 0.000000 0.678344
32.400000 0.000000 0.668138
32.500000 0.000000 0.657931
32.600000 0.000000 0.627312
32.700000 0.000000 0.647725
32.800000 0.000000 0.627312
32.900000 0.000000 0.627312
33.000000 0.000000 0.617105
33.100000 0.000000 0.627312
33.200000 0.000000 0.586485
33.300000 0.000000 0.606899
33.400000 0.000000 0.586485
33.500000 0.000000 0.586485
33.600000 0.000000 0.555866
33.700000 0.000000 0.576279
33.800000 0.000000 0.555866
33.900000 0.000000 0.545659
34.000000 0.000000 0.555866
34.100000 0.000000 0.535453
34.200000 0.000000 0.545659
34.300000 0.000000 0.515040
34.400000 0.000000 0.545659
34.500000 0.000000 0.494626
34.600000 0.000000 0.515040
34.700000 0.000000 0.494626
34.800000 0.000000 0.504833
34.900000 0.000000 0.504833
35.000000 0.000000 0.494626
35.100000 0.000000 0.474213
35.200000 0.000000 0.474213
35.300000 0.000000 0.474213
35.400000 0.000000 0.453800
35.500000 0.000000 0.443594
35.600000 0.000000 0.433387
35.700000 0.000000 0.433387
35.800000 0.000000 0.433387
35.900000 0.000000 0.402767
36.000000 0.000000 0.433387
36.100000 0.000000 0.423181
36.200000 0.000000 0.402767
36.300000 0.000000 0.423181
36.400000 0.000000 0.412974
36.500000 0.000000 0.402767
36.600000 0.000000 0.392561
36.700000 0.000000 0.392561
36.800000 0.000000 0.392561
36.900000 0.000000 0.392561
37.000000 0.000000 0.382354
37.100000 0.000000 0.361941
37.200000 0.000000 0.372148
37.300000 0.000000 0.372148
37.400000 0.000000 0.361941
37.500000 0.000000 0.351735
37.600000 0.000000 0.341528
37.700000 0.000000 0.351735
37.800000 0.000000 0.341528
37.900000 0.000000 0.310908
38.000000 0.000000 0.331322
38.100000 0.000000 0.300702
38.200000 0.000000 0.321115
38.300000 0.000000 0.341528
38.400000 0.000000 0.321115
38.500000 0.000000 0.310908
38.600000 0.000000 0.310908
38.700000 0.000000 0.300702
38.800000 0.000000 0.270082
38.900000 0.000000 0.300702
39.000000 0.000000 0.290495
39.100000 0.000000 0.290495
39.200000 0.000000 0.290495
39.300000 0.000000 0.280289
39.400000 0.000000 0.259876
39.500000 0.000000 0.259876
39.600000 0.000000 0.270082
39.700000 0.000000 0.270082
39.800000 0.000000 0.270082
39.900000 0.000000 0.270082
40.000000 0.000000 0.249669
40.100000 0.000000 0.270082
40.200000 0.000000 0.259876
40.300000 0.000000 0.239463
40.400000 0.000000 0.249669
40.500000 0.000000 0.239463
40.600000 0.000000 0.249669
40.700000 0.000000 0.239463
40.800000 0.000000 0.229256
40.900000 0.000000 0.219049
41.000000 0.000000 0.239463
41.100000 0.000000 0.219049
41.200000 0.000000 0.208843
41.300000 0.000000 0.208843
41.400000 0.000000 0.188430
41.500000 0.000000 0.219049
41.600000 0.000000 0.198636
41.700000 0.000000 0.208843
41.800000 0.000000 0.208843
41.900000 0.000000 0.178223
42.000000 0.000000 0.198636
42.100000 0.000000 0.198636
42.200000 0.000000 0.188430
42.300000 0.000000 0.198636
42.400000 0.000000 0.178223
42.500000 0.000000 0.188430
42.600000 0.000000 0.178223
42.700000 0.000000 0.157810
42.800000 0.000000 0.178223
42.900000 0.000000 0.137397
43.000000 0.000000 0.168017
43.100000 0.000000 0.168017
43.200000 0.000000 0.168017
43.300000 0.000000 0.178223
43.400000 0.000000 0.157810
43.500000 0.000000 0.157810
43.600000 0.000000 0.178223
43.700000 0.000000 0.157810
43.800000 0.000000 0.168017
43.900000 0.000000 0.147604
44.000000 0.000000 0.127190
44.100000 0.000000 0.157810
44.200000 0.000000 0.147604
44.300000 0.000000 0.147604
44.400000 0.000000 0.127190
44.500000 0.000000 0.127190
44.600000 0.000000 0.137397
44.700000 0.000000 0.106777
44.800000 0.000000 0.127190
44.900000 0.000000 0.106777
45.000000 0.000000 0.116984
45.100000 0.000000 0.127190
45.200000 0.000000 0.096571
45.300000 0.000000 0.116984
45.400000 0.000000 0.116984
45.500000 0.000000 0.116984
45.600000 0.000000 0.106777
45.700000 0.000000 0.116984
45.800000 0.000000 0.106777
45.900000 0.000000 0.106777
46.000000 0.000000 0.106777
46.100000 0.000000 0.106777
46.200000 0.000000 0.096571
46.300000 0.000000 0.106777
46.400000 0.000000 0.106777
46.500000 0.000000 0.096571
46.600000 0.000000 0.096571
46.700000 0.000000 0.086364
46.800000 0.000000 0.106777
46.900000 0.000000 0.096571
47.000000 0.000000 0.106777
47.100000 0.000000 0.076158
47.200000 0.000000 0.086364
47.300000 0.000000 0.106777
47.400000 0.000000 0.086364
47.500000 0.000000 0.076158
47.600000 0.000000 0.086364
47.700000 0.000000 0.086364
47.800000 0.000000 0.076158
47.900000 0.000000 0.086364
48.000000 0.000000 0.086364
48.100000 0.000000 0.086364
48.200000 0.000000 0.076158
48.300000 0.000000 0.055745
48.400000 0.000000 0.065951
48.500000 0.000000 0.065951
48.600000 0.000000 0.076158
48.700000 0.000000 0.065951
48.800000 0.000000 0.065951
48.900000 0.000000 0.065951
49.000000 0.000000 0.065951
49.100000 0.000000 0.055745
49.200000 0.000000 0.065951
49.300000 0.000000 0.065951
49.400000 0.000000 0.055745
49.500000 0.000000 0.065951
49.600000 0.000000 0.076158
49.700000 0.000000 0.055745
49.800000 0.000000 0.065951
49.900000 0.000000 0.055745
