0.000000 0.000000 -0.036114 40404040404.040405 0.000000 0.000000 0.000000 0.000000
1.000000 5.000000 -0.025908 30609122284.933670 -0.717383 0.000000 0.000000 0.000000
2.000000 5.000000 0.025125 20612203817.093987 -0.717383 0.000063 0.008742 0.000000
3.000000 5.000000 0.198636 10410204339.364258 -0.717383 0.000007 0.008742 0.027380
4.000000 5.000000 0.423181 10697.094087 -0.717384 -1.960895 0.022905 0.023377
5.000000 5.000000 0.708964 727.508947 -1.169895 -0.181762 0.012400 0.023467
6.000000 5.000000 0.984541 456.997520 -1.405133 0.377348 0.009580 0.022646
7.000000 5.000000 1.290738 202.875712 -1.362326 0.306978 0.009867 0.023173
8.000000 0.000000 1.596934 161.084119 -1.411387 0.384126 0.009564 0.022675
9.000000 0.000000 1.821479 142.602370 -1.479574 0.481270 0.012227 0.018785
10.000000 0.000000 1.943957 135.023323 -1.465144 0.457017 0.013006 0.017765
11.000000 0.000000 1.984784 77.832701 -1.549139 0.558398 0.012043 0.016489
12.000000 0.000000 1.974577 45.403769 -1.583296 0.597907 0.011805 0.015658
13.000000 0.000000 1.913338 31.527044 -1.630398 0.651239 0.011581 0.014304
14.000000 0.000000 1.811272 23.255588 -1.663853 0.688353 0.011490 0.013204
15.000000 5.000000 1.709207 18.084856 -1.647953 0.670997 0.011508 0.013778
16.000000 5.000000 1.658174 17.030332 -1.648320 0.671410 0.011463 0.013803
17.000000 5.000000 1.688793 10.713978 -1.677732 0.701821 0.011766 0.011897
18.000000 5.000000 1.811272 9.678266 -1.662685 0.686067 0.011652 0.012978
19.000000 5.000000 1.974577 9.690913 -1.662954 0.686378 0.011649 0.012946
20.000000 0.000000 2.148088 9.788152 -1.662668 0.686532 0.011588 0.012793
21.000000 0.000000 2.290980 9.711866 -1.660305 0.683766 0.010994 0.013480
22.000000 5.000000 2.342013 9.034067 -1.664414 0.687430 0.011031 0.013214
23.000000 0.000000 2.352220 8.864944 -1.656276 0.680395 0.009896 0.014666
24.000000 5.000000 2.382839 7.778098 -1.652061 0.675898 0.009647 0.015040
25.000000 5.000000 2.423665 7.836307 -1.654916 0.677616 0.010470 0.014059
26.000000 5.000000 2.505318 7.531656 -1.660259 0.683271 0.010419 0.013803
27.000000 0.000000 2.627797 7.493288 -1.659566 0.682510 0.010430 0.013843
28.000000 0.000000 2.689036 7.545848 -1.661852 0.685863 0.011289 0.013013
29.000000 5.000000 2.689036 7.544228 -1.666493 0.689332 0.011154 0.012643
30.000000 5.000000 2.678829 7.617608 -1.666491 0.689484 0.011054 0.012761
31.000000 5.000000 2.740069 7.114042 -1.661253 0.684061 0.011084 0.012964
32.000000 0.000000 2.842134 7.078850 -1.660739 0.683510 0.011091 0.012991
33.000000 0.000000 2.872754 7.123847 -1.664150 0.688044 0.012016 0.012135
34.000000 5.000000 2.842134 7.175083 -1.666082 0.689223 0.011902 0.011916
35.000000 0.000000 2.831928 7.231955 -1.664997 0.687667 0.012207 0.011564
36.000000 0.000000 2.791102 6.864886 -1.676174 0.699459 0.012735 0.010837
37.000000 5.000000 2.719656 6.908286 -1.674232 0.696717 0.012594 0.010698
38.000000 0.000000 2.658416 6.891916 -1.676629 0.699383 0.012383 0.010881
39.000000 0.000000 2.617590 6.374317 -1.672765 0.695405 0.012261 0.011092
40.000000 5.000000 2.505318 6.430937 -1.673813 0.697189 0.012402 0.011245
41.000000 0.000000 2.444079 6.306502 -1.670035 0.693228 0.012606 0.011128
42.000000 5.000000 2.403252 5.951989 -1.668929 0.692100 0.012573 0.011191
43.000000 0.000000 2.372633 6.000652 -1.669537 0.692833 0.012444 0.011304
44.000000 5.000000 2.382839 5.859749 -1.660706 0.683763 0.012118 0.011884
45.000000 5.000000 2.352220 5.909774 -1.657688 0.681343 0.011606 0.012455
46.000000 0.000000 2.393046 5.728086 -1.658675 0.682314 0.011583 0.012415
47.000000 0.000000 2.454285 5.775681 -1.656953 0.680292 0.011280 0.012778
48.000000 0.000000 2.423665 5.691941 -1.652923 0.676689 0.011381 0.012951
49.000000 0.000000 2.352220 5.748982 -1.652969 0.676567 0.011342 0.012908
50.000000 0.000000 2.260361 5.777095 -1.651679 0.675024 0.011285 0.012863
51.000000 0.000000 2.117469 5.773022 -1.656228 0.680098 0.011403 0.012925
52.000000 5.000000 1.974577 5.634447 -1.654805 0.678605 0.011387 0.012930
53.000000 0.000000 1.892925 5.445313 -1.653042 0.676833 0.011462 0.012913
54.000000 5.000000 1.841892 5.182523 -1.658739 0.682511 0.011577 0.012605
55.000000 0.000000 1.821479 5.216602 -1.658711 0.682481 0.011581 0.012602
56.000000 5.000000 1.821479 5.176180 -1.659900 0.683674 0.011622 0.012509
57.000000 0.000000 1.852098 5.226292 -1.660421 0.684105 0.011802 0.012376
58.000000 5.000000 1.862305 5.268515 -1.662372 0.686147 0.012003 0.012012
59.000000 5.000000 1.903131 5.315362 -1.663400 0.687060 0.012192 0.011862
60.000000 0.000000 2.015403 5.348211 -1.662484 0.686217 0.012263 0.011950
61.000000 0.000000 2.097056 5.354823 -1.661371 0.685165 0.012320 0.011894
62.000000 5.000000 2.117469 5.218141 -1.665807 0.689265 0.012238 0.011746
63.000000 5.000000 2.127675 5.254325 -1.664397 0.687991 0.012096 0.011886
64.000000 0.000000 2.199121 5.252989 -1.665254 0.688813 0.012058 0.011834
65.000000 5.000000 2.270567 5.301153 -1.666014 0.689452 0.011945 0.011960
66.000000 0.000000 2.321600 5.252249 -1.664960 0.688453 0.011909 0.012013
67.000000 5.000000 2.372633 5.305120 -1.665030 0.688435 0.011833 0.012100
68.000000 5.000000 2.423665 5.304198 -1.667048 0.690311 0.011921 0.011977
69.000000 0.000000 2.505318 5.352284 -1.667917 0.691125 0.011818 0.011859
70.000000 5.000000 2.556351 5.389169 -1.667297 0.690578 0.011869 0.011819
71.000000 5.000000 2.597177 5.388295 -1.668254 0.691460 0.011904 0.011761
72.000000 5.000000 2.678829 5.430806 -1.668606 0.691801 0.011878 0.011729
73.000000 5.000000 2.801308 5.482824 -1.668971 0.692171 0.011927 0.011777
74.000000 5.000000 2.954406 5.493881 -1.671125 0.694295 0.011985 0.011815
75.000000 0.000000 3.107505 5.445387 -1.670292 0.693477 0.011974 0.011812
76.000000 0.000000 3.199364 5.338134 -1.669923 0.693132 0.011987 0.011811
77.000000 0.000000 3.168744 5.189199 -1.663655 0.687464 0.012153 0.012068
78.000000 5.000000 3.097298 5.240492 -1.663545 0.686707 0.011984 0.011886
79.000000 5.000000 3.025852 5.239627 -1.665136 0.688431 0.011918 0.011953
80.000000 5.000000 3.036059 5.032430 -1.661517 0.684823 0.011968 0.012054
81.000000 0.000000 3.076885 5.045762 -1.663581 0.686894 0.011904 0.011959
82.000000 5.000000 3.087092 5.095094 -1.663697 0.687083 0.011955 0.011923
83.000000 0.000000 3.097298 5.137954 -1.664778 0.687952 0.012038 0.011771
84.000000 0.000000 3.097298 5.169289 -1.664237 0.687343 0.011990 0.011811
85.000000 0.000000 2.985026 5.211078 -1.660985 0.685050 0.012261 0.012138
86.000000 5.000000 2.872754 5.168506 -1.653718 0.677084 0.012066 0.012019
87.000000 0.000000 2.780895 5.101230 -1.655802 0.679236 0.012006 0.012055
88.000000 0.000000 2.699243 4.913600 -1.660479 0.683982 0.012091 0.011893
89.000000 0.000000 2.586970 4.937130 -1.659762 0.683146 0.012057 0.011865
90.000000 0.000000 2.464492 4.918000 -1.657218 0.680391 0.011996 0.011830
91.000000 0.000000 2.290980 4.883151 -1.663611 0.687200 0.012117 0.011883
92.000000 5.000000 2.127675 4.727096 -1.660582 0.684081 0.012091 0.011891
93.000000 5.000000 2.015403 4.545715 -1.664137 0.687619 0.011991 0.011892
94.000000 5.000000 1.984784 4.277309 -1.673803 0.696975 0.011811 0.011572
95.000000 5.000000 2.086849 4.243100 -1.663596 0.687242 0.012142 0.012057
96.000000 5.000000 2.188915 4.269406 -1.660155 0.683649 0.011929 0.011883
97.000000 5.000000 2.342013 4.295926 -1.661525 0.685066 0.012007 0.011945
98.000000 5.000000 2.525731 4.260149 -1.664265 0.687809 0.012067 0.011970
99.000000 5.000000 2.719656 4.170240 -1.665974 0.689504 0.012091 0.011971
100.000000 5.000000 2.903374 4.066661 -1.664322 0.687874 0.012073 0.011975
101.000000 5.000000 3.087092 3.991573 -1.665612 0.689141 0.012086 0.011971
102.000000 5.000000 3.240190 3.921639 -1.660745 0.684385 0.012045 0.011995
103.000000 0.000000 3.423908 3.902824 -1.666725 0.690182 0.012110 0.011982
104.000000 5.000000 3.515767 3.793477 -1.662856 0.686546 0.012254 0.011978
105.000000 0.000000 3.566800 3.723324 -1.665143 0.688671 0.012294 0.011843
106.000000 0.000000 3.546387 3.760396 -1.664556 0.688476 0.012567 0.011703
107.000000 5.000000 3.464734 3.791488 -1.665690 0.689235 0.012462 0.011572
108.000000 5.000000 3.423908 3.808817 -1.662458 0.685642 0.012654 0.011335
109.000000 5.000000 3.403495 3.764530 -1.668980 0.692155 0.012544 0.011122
110.000000 5.000000 3.434115 3.752662 -1.668165 0.691339 0.012561 0.011152
111.000000 5.000000 3.495354 3.783818 -1.668104 0.691276 0.012564 0.011156
112.000000 0.000000 3.577006 3.822014 -1.668110 0.691277 0.012568 0.011160
113.000000 5.000000 3.607626 3.848873 -1.668209 0.691361 0.012556 0.011164
114.000000 0.000000 3.617833 3.856425 -1.669449 0.692467 0.012598 0.011054
115.000000 5.000000 3.577006 3.887993 -1.670500 0.693727 0.012762 0.010944
116.000000 5.000000 3.536180 3.926508 -1.670425 0.693576 0.012792 0.010887
117.000000 5.000000 3.536180 3.890246 -1.671987 0.695133 0.012767 0.010839
118.000000 5.000000 3.577006 3.905262 -1.671486 0.694630 0.012780 0.010859
119.000000 5.000000 3.648452 3.943154 -1.671282 0.694413 0.012798 0.010881
120.000000 5.000000 3.740311 3.980612 -1.671573 0.694680 0.012814 0.010895
121.000000 5.000000 3.811757 4.009187 -1.669690 0.692893 0.012774 0.010878
122.000000 5.000000 3.934236 4.047037 -1.671313 0.694354 0.012843 0.010929
123.000000 5.000000 4.005682 4.048585 -1.665449 0.688728 0.012801 0.010967
124.000000 0.000000 4.087334 4.086743 -1.665714 0.688961 0.012809 0.010972
125.000000 0.000000 4.117954 4.109996 -1.667139 0.690169 0.012662 0.010997
126.000000 5.000000 4.056714 4.094176 -1.669278 0.692006 0.012570 0.010864
127.000000 0.000000 3.964855 4.129517 -1.670201 0.693177 0.012490 0.011042
128.000000 5.000000 3.852583 4.030505 -1.673349 0.696430 0.012593 0.010937
129.000000 0.000000 3.770931 4.024338 -1.670145 0.693017 0.012693 0.010795
130.000000 5.000000 3.679072 3.960186 -1.670791 0.693684 0.012715 0.010771
131.000000 5.000000 3.577006 3.976817 -1.672564 0.695605 0.012635 0.010885
132.000000 0.000000 3.546387 3.836920 -1.671051 0.694113 0.012653 0.010925
133.000000 5.000000 3.495354 3.848867 -1.671335 0.694416 0.012672 0.010909
134.000000 0.000000 3.434115 3.886388 -1.671505 0.694657 0.012635 0.010971
135.000000 0.000000 3.372875 3.866442 -1.670530 0.693652 0.012597 0.011014
136.000000 0.000000 3.260603 3.905280 -1.670581 0.693570 0.012552 0.010965
137.000000 0.000000 3.107505 3.923595 -1.670607 0.693599 0.012553 0.010966
138.000000 0.000000 2.903374 3.898007 -1.675100 0.698374 0.012654 0.011019
139.000000 0.000000 2.709449 3.788243 -1.670904 0.694060 0.012609 0.011022
140.000000 0.000000 2.495111 3.705678 -1.674894 0.698156 0.012650 0.011018
141.000000 0.000000 2.301187 3.589304 -1.671238 0.694445 0.012627 0.011037
142.000000 0.000000 2.107262 3.514041 -1.672571 0.695800 0.012636 0.011030
143.000000 5.000000 1.903131 3.439139 -1.677182 0.700463 0.012659 0.011000
144.000000 0.000000 1.790859 3.276796 -1.673637 0.697001 0.012769 0.011016
145.000000 5.000000 1.729620 3.164361 -1.672647 0.696038 0.012759 0.011064
146.000000 5.000000 1.688793 3.183769 -1.674334 0.697683 0.012587 0.011128
147.000000 0.000000 1.770446 3.130315 -1.667957 0.691698 0.012795 0.011428
148.000000 5.000000 1.821479 3.158148 -1.667079 0.690838 0.012890 0.011291
149.000000 0.000000 1.872511 3.168177 -1.666520 0.690296 0.012856 0.011326
150.000000 0.000000 1.943957 3.200104 -1.666552 0.690323 0.012752 0.011497
151.000000 0.000000 1.923544 3.157420 -1.661937 0.686011 0.012846 0.011652
152.000000 5.000000 1.852098 3.184986 -1.661375 0.685554 0.012880 0.011695
153.000000 5.000000 1.862305 3.201785 -1.657958 0.682191 0.013175 0.011585
154.000000 0.000000 1.923544 3.208775 -1.660745 0.684747 0.013032 0.011400
155.000000 0.000000 1.984784 3.240399 -1.660907 0.684901 0.012995 0.011456
156.000000 5.000000 1.974577 3.210618 -1.660093 0.684144 0.013011 0.011485
157.000000 5.000000 1.984784 3.242387 -1.660086 0.684138 0.013009 0.011486
158.000000 0.000000 2.056229 3.253921 -1.661162 0.685125 0.012952 0.011414
159.000000 0.000000 2.127675 3.283281 -1.661776 0.685709 0.012884 0.011500
160.000000 5.000000 2.148088 3.239568 -1.666209 0.689844 0.012797 0.011350
161.000000 0.000000 2.137882 3.261553 -1.663458 0.687228 0.012573 0.011576
162.000000 0.000000 2.158295 3.279605 -1.661739 0.685513 0.012490 0.011736
163.000000 0.000000 2.107262 3.287423 -1.660140 0.684075 0.012540 0.011808
164.000000 0.000000 2.015403 3.320469 -1.660156 0.684150 0.012560 0.011828
165.000000 5.000000 1.933751 3.342069 -1.658006 0.681790 0.012485 0.011777
166.000000 5.000000 1.841892 3.354293 -1.663370 0.687101 0.012112 0.011911
167.000000 0.000000 1.892925 3.247486 -1.653552 0.677733 0.012344 0.012279
168.000000 5.000000 1.943957 3.280113 -1.653559 0.677739 0.012340 0.012284
169.000000 5.000000 1.974577 3.285200 -1.651366 0.675613 0.012228 0.012400
170.000000 5.000000 2.086849 3.312241 -1.650428 0.674793 0.012313 0.012499
171.000000 0.000000 2.219534 3.331987 -1.649141 0.673442 0.012242 0.012441
172.000000 5.000000 2.342013 3.318759 -1.652915 0.677088 0.012114 0.012529
173.000000 5.000000 2.413459 3.233077 -1.649221 0.673515 0.012042 0.012664
174.000000 5.000000 2.535938 3.264918 -1.649387 0.673715 0.012081 0.012702
175.000000 5.000000 2.678829 3.275918 -1.649198 0.673524 0.012075 0.012698
176.000000 5.000000 2.842134 3.270278 -1.650338 0.674664 0.012100 0.012710
177.000000 5.000000 3.025852 3.243806 -1.653489 0.677789 0.012146 0.012720
178.000000 0.000000 3.168744 3.193289 -1.647000 0.671395 0.012084 0.012734
179.000000 0.000000 3.270810 3.157489 -1.650627 0.674818 0.011943 0.012758
180.000000 0.000000 3.270810 3.056191 -1.653250 0.677246 0.011885 0.012662
181.000000 0.000000 3.168744 3.070422 -1.650982 0.675349 0.011998 0.012812
182.000000 5.000000 3.056472 3.091950 -1.648924 0.672876 0.011866 0.012698
183.000000 0.000000 2.954406 3.094698 -1.650366 0.674369 0.011798 0.012750
184.000000 0.000000 2.872754 3.039298 -1.651497 0.675509 0.011825 0.012701
185.000000 0.000000 2.750275 3.067104 -1.651445 0.675439 0.011819 0.012696
186.000000 0.000000 2.597177 3.077475 -1.651861 0.675895 0.011833 0.012705
187.000000 5.000000 2.423665 3.064082 -1.652943 0.677033 0.011852 0.012711
188.000000 0.000000 2.321600 2.997850 -1.649842 0.673950 0.011951 0.012695
189.000000 5.000000 2.188915 2.936998 -1.664642 0.688607 0.012212 0.011999
190.000000 5.000000 2.188915 2.916627 -1.651860 0.675905 0.012765 0.011850
191.000000 5.000000 2.219534 2.926116 -1.655882 0.679662 0.012577 0.011601
192.000000 0.000000 2.301187 2.950184 -1.656274 0.680014 0.012545 0.011563
193.000000 0.000000 2.372633 2.973213 -1.657021 0.680716 0.012482 0.011625
194.000000 0.000000 2.372633 2.937792 -1.658411 0.682006 0.012454 0.011576
195.000000 0.000000 2.290980 2.956748 -1.656424 0.680300 0.012538 0.011692
196.000000 5.000000 2.209328 2.981632 -1.655137 0.678779 0.012460 0.011629
197.000000 0.000000 2.137882 2.999111 -1.657153 0.680819 0.012296 0.011716
198.000000 5.000000 2.107262 2.968778 -1.655447 0.679130 0.012258 0.011808
199.000000 0.000000 2.107262 2.998564 -1.655378 0.679043 0.012315 0.011767
200.000000 5.000000 2.127675 3.020150 -1.654641 0.678303 0.012270 0.011849
201.000000 5.000000 2.107262 3.041707 -1.651603 0.675419 0.012018 0.012094
202.000000 5.000000 2.209328 3.040276 -1.645808 0.669960 0.012242 0.012397
203.000000 0.000000 2.301187 3.063058 -1.643023 0.667026 0.012057 0.012242
204.000000 0.000000 2.403252 3.080833 -1.645860 0.669719 0.011891 0.012391
205.000000 5.000000 2.413459 3.007718 -1.645675 0.669546 0.011894 0.012397
206.000000 5.000000 2.403252 3.031240 -1.644552 0.668507 0.011797 0.012505
207.000000 0.000000 2.474698 3.041923 -1.643112 0.667144 0.011858 0.012585
208.000000 0.000000 2.556351 3.066940 -1.644771 0.668673 0.011711 0.012722
209.000000 0.000000 2.525731 3.021939 -1.640028 0.664264 0.011804 0.012881
210.000000 0.000000 2.423665 3.051491 -1.639491 0.663948 0.011873 0.012959
211.000000 5.000000 2.321600 3.066309 -1.637399 0.661646 0.011800 0.012912
212.000000 0.000000 2.239947 3.071801 -1.639247 0.663512 0.011702 0.012959
213.000000 0.000000 2.199121 3.033391 -1.638719 0.662987 0.011691 0.012984
214.000000 0.000000 2.117469 3.063971 -1.638713 0.662992 0.011695 0.012988
215.000000 5.000000 2.015403 3.086793 -1.638507 0.662760 0.011686 0.012981
216.000000 5.000000 1.943957 3.088672 -1.640090 0.664338 0.011602 0.013011
217.000000 0.000000 1.984784 3.042405 -1.637680 0.662034 0.011664 0.013106
218.000000 5.000000 2.005197 3.073053 -1.637753 0.662136 0.011758 0.012961
219.000000 0.000000 2.035816 3.094272 -1.638258 0.662620 0.011799 0.012924
220.000000 5.000000 2.107262 3.124925 -1.637691 0.662009 0.011660 0.013144
221.000000 5.000000 2.137882 3.112155 -1.634188 0.658615 0.011537 0.013291
222.000000 5.000000 2.209328 3.141122 -1.634946 0.659263 0.011445 0.013187
223.000000 0.000000 2.362426 3.170871 -1.635995 0.660453 0.011596 0.013329
224.000000 5.000000 2.444079 3.135042 -1.630836 0.655463 0.011729 0.013258
225.000000 0.000000 2.525731 3.107688 -1.635892 0.660327 0.011864 0.013049
226.000000 0.000000 2.576764 3.128089 -1.635411 0.659878 0.011893 0.013025
227.000000 0.000000 2.546144 3.116544 -1.635223 0.659707 0.011898 0.013032
228.000000 5.000000 2.474698 3.147372 -1.635468 0.659828 0.011860 0.012989
229.000000 0.000000 2.423665 3.169773 -1.635659 0.660027 0.011845 0.013000
230.000000 0.000000 2.362426 3.163693 -1.640154 0.664560 0.011975 0.012764
231.000000 0.000000 2.301187 3.193253 -1.639079 0.663132 0.011859 0.012658
232.000000 0.000000 2.199121 3.222958 -1.639264 0.663373 0.011878 0.012675
233.000000 0.000000 2.066436 3.234509 -1.640427 0.664625 0.011909 0.012693
234.000000 0.000000 1.933751 3.220501 -1.639617 0.663782 0.011897 0.012690
235.000000 0.000000 1.790859 3.206005 -1.640817 0.665024 0.011913 0.012693
236.000000 0.000000 1.637761 3.180256 -1.643255 0.667524 0.011939 0.012690
237.000000 0.000000 1.505075 3.142196 -1.641564 0.665805 0.011926 0.012696
238.000000 0.000000 1.362184 3.125020 -1.644326 0.668621 0.011950 0.012688
239.000000 5.000000 1.229498 3.095863 -1.645018 0.669321 0.011955 0.012684
240.000000 0.000000 1.168259 3.053518 -1.645457 0.669748 0.011937 0.012684
241.000000 0.000000 1.158053 3.018751 -1.646214 0.670481 0.011946 0.012641
242.000000 0.000000 1.127433 3.048182 -1.646324 0.670568 0.011939 0.012633
243.000000 0.000000 1.086607 3.078793 -1.646276 0.670488 0.011928 0.012623
244.000000 0.000000 0.984541 3.108521 -1.647436 0.671844 0.011994 0.012676
245.000000 5.000000 0.943715 3.109291 -1.641117 0.665441 0.011948 0.012706
246.000000 5.000000 0.933508 3.133141 -1.642345 0.666592 0.011794 0.012737
247.000000 5.000000 1.035574 3.125933 -1.641103 0.665457 0.011852 0.012812
248.000000 0.000000 1.168259 3.153958 -1.639885 0.663977 0.011663 0.012631
249.000000 0.000000 1.311151 3.158135 -1.642165 0.666247 0.011599 0.012738
