0.000000 0.000000 -0.056528 40404040404.040405 0.000000 0.000000 0.000000 0.000000
1.000000 5.000000 -0.046321 40812162024.283241 0.000000 0.000000 0.000000 0.000000
2.000000 5.000000 0.014918 30918304563.890945 0.002984 0.000000 0.000000 0.000000
3.000000 5.000000 0.198636 20820407113.825150 0.002984 0.036743 -0.000110 0.000000
4.000000 5.000000 0.402767 10515357187.425312 0.002984 0.033450 -0.771643 -0.064390
5.000000 5.000000 0.688551 518.908265 0.002984 0.033804 0.328361 -0.593089
6.000000 5.000000 0.994748 27.082152 -0.001292 0.047240 -0.460954 -0.522673
7.000000 5.000000 1.270325 21.131389 -0.009007 0.037643 -0.384970 -0.160080
8.000000 0.000000 1.596934 15.737410 -0.022450 0.010469 0.379849 -0.603351
9.000000 0.000000 1.811272 15.581182 -0.105853 0.078961 -0.217861 -0.778067
10.000000 0.000000 1.964370 10.854176 -0.180104 0.089458 -0.338765 -0.077883
11.000000 0.000000 1.984784 5.096365 -0.143532 -0.022061 -0.022979 -0.485039
12.000000 0.000000 1.964370 4.919810 -0.158503 -0.066279 -0.051725 -0.562055
13.000000 0.000000 1.913338 4.066341 -0.110813 -0.152342 -0.231666 -0.568235
14.000000 0.000000 1.821479 3.892227 -0.151503 -0.149218 -0.459543 -0.281076
15.000000 5.000000 1.729620 3.626268 -0.124343 -0.207917 0.008475 -0.775707
16.000000 5.000000 1.668380 2.988242 -0.004566 -0.341575 -0.386003 -0.511846
17.000000 5.000000 1.709207 2.856466 0.093223 -0.409032 -0.237033 -0.685630
18.000000 5.000000 1.811272 0.930138 0.240842 -0.517297 -0.465802 -0.393523
19.000000 5.000000 1.974577 0.835386 0.300829 -0.454206 0.267123 0.083843
20.000000 0.000000 2.148088 0.258511 0.264858 -0.380835 -0.071167 0.709230
21.000000 0.000000 2.270567 0.236149 0.197155 -0.340129 -0.543171 0.680884
22.000000 5.000000 2.311393 0.169426 0.168528 -0.345382 -0.272289 0.067520
23.000000 0.000000 2.362426 0.168036 0.194577 -0.372000 -0.288969 0.134237
24.000000 5.000000 2.403252 0.158700 0.210392 -0.376894 -0.578864 0.392668
25.000000 5.000000 2.413459 0.153591 0.212131 -0.370639 -0.466358 0.239246
26.000000 5.000000 2.495111 0.153568 0.235363 -0.376236 -0.490908 0.344768
27.000000 0.000000 2.617590 0.154943 0.246990 -0.363288 -0.460165 0.373379
28.000000 0.000000 2.689036 0.147584 0.192169 -0.288753 -0.090726 0.204078
29.000000 5.000000 2.689036 0.140990 0.178123 -0.273031 0.129936 0.219453
30.000000 5.000000 2.678829 0.116115 0.200011 -0.292343 0.015210 0.384580
31.000000 5.000000 2.729862 0.108103 0.214099 -0.295705 -0.271013 0.371225
32.000000 0.000000 2.821721 0.097005 0.206133 -0.273963 -0.172488 0.009906
33.000000 0.000000 2.882961 0.096852 0.184377 -0.239730 -0.056673 -0.061340
34.000000 5.000000 2.862547 0.095028 0.181757 -0.232143 0.094379 -0.060560
35.000000 0.000000 2.831928 0.090930 0.200663 -0.244649 0.042855 0.060500
36.000000 0.000000 2.801308 0.090182 0.178541 -0.216490 -0.112385 0.071674
37.000000 5.000000 2.719656 0.085451 0.172604 -0.211051 0.020188 -0.086912
38.000000 0.000000 2.658416 0.084129 0.189675 -0.223556 -0.017744 -0.014851
39.000000 0.000000 2.617590 0.084112 0.171930 -0.199146 -0.119410 -0.020548
40.000000 5.000000 2.484905 0.081677 0.169657 -0.195730 -0.024084 -0.126191
41.000000 0.000000 2.454285 0.081088 0.183440 -0.204942 -0.050725 -0.072373
42.000000 5.000000 2.393046 0.081321 0.168794 -0.183405 -0.125700 -0.076184
43.000000 0.000000 2.382839 0.080142 0.179872 -0.189516 -0.082665 -0.126585
44.000000 5.000000 2.362426 0.078933 0.168543 -0.169569 -0.184473 -0.027997
45.000000 5.000000 2.331806 0.078017 0.178132 -0.174462 -0.152945 -0.081910
46.000000 0.000000 2.403252 0.077239 0.188880 -0.173425 -0.219679 -0.025109
47.000000 0.000000 2.474698 0.077085 0.176470 -0.150687 -0.224254 -0.118188
48.000000 0.000000 2.433872 0.077237 0.175039 -0.145172 -0.176038 -0.158354
49.000000 0.000000 2.352220 0.077803 0.174398 -0.141840 -0.168076 -0.123595
50.000000 0.000000 2.229741 0.078545 0.173874 -0.140059 -0.154045 -0.118966
51.000000 0.000000 2.117469 0.079308 0.173768 -0.139318 -0.149968 -0.108027
52.000000 5.000000 1.974577 0.080104 0.173692 -0.138969 -0.147188 -0.104519
53.000000 0.000000 1.882718 0.080785 0.181476 -0.144111 -0.152011 -0.100343
54.000000 5.000000 1.821479 0.080915 0.174489 -0.131611 -0.211160 -0.091282
55.000000 0.000000 1.811272 0.080642 0.180838 -0.134971 -0.202272 -0.119562
56.000000 5.000000 1.841892 0.080533 0.175374 -0.122490 -0.264426 -0.089210
57.000000 0.000000 1.852098 0.080297 0.181605 -0.125438 -0.258860 -0.119355
58.000000 5.000000 1.862305 0.080331 0.177593 -0.114128 -0.316951 -0.099652
59.000000 5.000000 1.923544 0.080225 0.183994 -0.117011 -0.316963 -0.129582
60.000000 0.000000 2.015403 0.079748 0.192101 -0.117261 -0.363684 -0.116365
61.000000 0.000000 2.086849 0.078872 0.187225 -0.104674 -0.411992 -0.192011
62.000000 5.000000 2.117469 0.078397 0.187693 -0.102310 -0.436941 -0.257513
63.000000 5.000000 2.127675 0.078398 0.196245 -0.107221 -0.464372 -0.268385
64.000000 0.000000 2.209328 0.077197 0.203948 -0.109056 -0.515287 -0.278012
65.000000 5.000000 2.280774 0.074609 0.204272 -0.104201 -0.598758 -0.344194
66.000000 0.000000 2.331806 0.071211 0.209473 -0.108173 -0.629416 -0.366370
67.000000 5.000000 2.362426 0.065995 0.209672 -0.107830 -0.542419 -0.335292
68.000000 5.000000 2.403252 0.061728 0.211426 -0.109611 -0.555437 -0.360111
69.000000 0.000000 2.484905 0.058239 0.213253 -0.111516 -0.590773 -0.366944
70.000000 5.000000 2.546144 0.055108 0.208932 -0.110600 -0.566715 -0.389692
71.000000 5.000000 2.586970 0.053261 0.209101 -0.111011 -0.568764 -0.392189
72.000000 5.000000 2.678829 0.051903 0.209037 -0.111629 -0.577432 -0.394990
73.000000 5.000000 2.791102 0.051033 0.209131 -0.111400 -0.575595 -0.392496
74.000000 5.000000 2.954406 0.050537 0.209426 -0.111146 -0.572537 -0.389881
75.000000 0.000000 3.097298 0.050080 0.210257 -0.110795 -0.569138 -0.383288
76.000000 0.000000 3.199364 0.049265 0.204998 -0.109212 -0.574128 -0.400920
77.000000 0.000000 3.168744 0.048337 0.203394 -0.109956 -0.575536 -0.410213
78.000000 5.000000 3.076885 0.048097 0.201739 -0.111010 -0.580122 -0.415724
79.000000 5.000000 3.015646 0.048029 0.201421 -0.104790 -0.571138 -0.404424
80.000000 5.000000 3.025852 0.048203 0.203140 -0.102359 -0.562196 -0.398811
81.000000 0.000000 3.046265 0.048050 0.205620 -0.100010 -0.565617 -0.376417
82.000000 5.000000 3.087092 0.047648 0.206429 -0.100349 -0.566244 -0.374030
83.000000 0.000000 3.076885 0.046732 0.207103 -0.095081 -0.583050 -0.337089
84.000000 0.000000 3.087092 0.046669 0.207035 -0.095049 -0.583016 -0.337240
85.000000 0.000000 2.995233 0.045011 0.208095 -0.095061 -0.587743 -0.329283
86.000000 5.000000 2.882961 0.045046 0.208178 -0.095046 -0.587817 -0.328974
87.000000 0.000000 2.780895 0.044990 0.207093 -0.088978 -0.594578 -0.310530
88.000000 0.000000 2.699243 0.045267 0.207037 -0.088961 -0.594569 -0.310631
89.000000 0.000000 2.586970 0.044650 0.207564 -0.088839 -0.597400 -0.306190
90.000000 0.000000 2.444079 0.044929 0.207647 -0.088800 -0.597459 -0.305887
91.000000 0.000000 2.280774 0.045100 0.207739 -0.088730 -0.597680 -0.305346
92.000000 5.000000 2.137882 0.045433 0.207743 -0.088725 -0.597683 -0.305327
93.000000 5.000000 2.005197 0.045751 0.204401 -0.081089 -0.597708 -0.297754
94.000000 5.000000 2.015403 0.046150 0.203249 -0.076521 -0.591537 -0.297821
95.000000 5.000000 2.107262 0.046490 0.201650 -0.072982 -0.597560 -0.286870
96.000000 5.000000 2.209328 0.046898 0.200443 -0.070376 -0.601697 -0.278491
97.000000 5.000000 2.352220 0.047239 0.199440 -0.069003 -0.610414 -0.266669
98.000000 5.000000 2.525731 0.047589 0.198675 -0.068403 -0.619242 -0.255509
99.000000 5.000000 2.709449 0.047926 0.198110 -0.068443 -0.628600 -0.244497
100.000000 5.000000 2.893167 0.048271 0.197709 -0.068865 -0.637464 -0.234443
101.000000 5.000000 3.056472 0.048624 0.197435 -0.069529 -0.645782 -0.225259
102.000000 5.000000 3.250397 0.048987 0.197270 -0.070288 -0.653089 -0.217328
103.000000 0.000000 3.413701 0.049360 0.197186 -0.071073 -0.659516 -0.210429
104.000000 5.000000 3.515767 0.049604 0.196291 -0.070052 -0.658204 -0.211851
105.000000 0.000000 3.546387 0.049464 0.195281 -0.069286 -0.667515 -0.201873
106.000000 0.000000 3.556593 0.049891 0.192492 -0.066824 -0.667011 -0.203426
107.000000 5.000000 3.485147 0.049678 0.190363 -0.064984 -0.656904 -0.214776
108.000000 5.000000 3.413701 0.050066 0.190114 -0.064524 -0.657361 -0.213948
109.000000 5.000000 3.403495 0.050553 0.189965 -0.064100 -0.656873 -0.213949
110.000000 5.000000 3.434115 0.051033 0.189645 -0.063564 -0.657551 -0.212693
111.000000 5.000000 3.515767 0.051536 0.189342 -0.063131 -0.657949 -0.211787
112.000000 0.000000 3.587213 0.052036 0.189035 -0.062839 -0.658796 -0.210553
113.000000 5.000000 3.607626 0.052459 0.186292 -0.060030 -0.656743 -0.213122
114.000000 0.000000 3.617833 0.052650 0.185815 -0.059525 -0.658985 -0.210624
115.000000 5.000000 3.577006 0.053123 0.182056 -0.056549 -0.661214 -0.209952
116.000000 5.000000 3.525974 0.053345 0.181809 -0.056239 -0.662182 -0.208816
117.000000 5.000000 3.546387 0.053804 0.181733 -0.056050 -0.661646 -0.209161
118.000000 5.000000 3.587213 0.054331 0.181493 -0.055766 -0.661984 -0.208586
119.000000 5.000000 3.648452 0.054877 0.181234 -0.055498 -0.661891 -0.208442
120.000000 5.000000 3.740311 0.055426 0.180985 -0.055345 -0.662148 -0.208054
121.000000 5.000000 3.821964 0.055982 0.180751 -0.055271 -0.662453 -0.207681
122.000000 5.000000 3.903616 0.056541 0.180542 -0.055271 -0.662857 -0.207267
123.000000 5.000000 4.005682 0.057105 0.180379 -0.055319 -0.663261 -0.206886
124.000000 0.000000 4.107747 0.057673 0.180260 -0.055388 -0.663627 -0.206557
125.000000 0.000000 4.117954 0.058139 0.176323 -0.050858 -0.660913 -0.209272
126.000000 5.000000 4.056714 0.058315 0.172797 -0.047312 -0.649670 -0.221357
127.000000 0.000000 3.954649 0.058845 0.173396 -0.048308 -0.649015 -0.222662
128.000000 5.000000 3.852583 0.059374 0.168126 -0.044736 -0.652980 -0.221306
129.000000 0.000000 3.750518 0.059835 0.168705 -0.045655 -0.651946 -0.222868
130.000000 5.000000 3.679072 0.060282 0.163897 -0.043169 -0.660455 -0.217523
131.000000 5.000000 3.577006 0.060807 0.164390 -0.044003 -0.660084 -0.218379
132.000000 0.000000 3.536180 0.061099 0.164479 -0.044261 -0.660959 -0.217729
133.000000 5.000000 3.485147 0.061677 0.161411 -0.042141 -0.662508 -0.217676
134.000000 0.000000 3.423908 0.062252 0.161351 -0.042042 -0.662504 -0.217625
135.000000 0.000000 3.383082 0.062694 0.158017 -0.040327 -0.669517 -0.212784
136.000000 0.000000 3.260603 0.063275 0.156025 -0.040050 -0.667628 -0.216996
137.000000 0.000000 3.087092 0.063840 0.153795 -0.040941 -0.673512 -0.214896
138.000000 0.000000 2.913580 0.064389 0.151862 -0.042668 -0.680361 -0.212373
139.000000 0.000000 2.699243 0.064817 0.150287 -0.045095 -0.689970 -0.207370
140.000000 0.000000 2.495111 0.065134 0.149062 -0.047893 -0.700790 -0.201106
141.000000 0.000000 2.301187 0.065330 0.148137 -0.050840 -0.712231 -0.193993
142.000000 0.000000 2.086849 0.065426 0.147494 -0.053592 -0.722965 -0.187017
143.000000 5.000000 1.913338 0.065461 0.147036 -0.056143 -0.732921 -0.180364
144.000000 0.000000 1.811272 0.065086 0.145768 -0.053527 -0.727682 -0.184120
145.000000 5.000000 1.729620 0.064733 0.145136 -0.054102 -0.733912 -0.179223
146.000000 5.000000 1.688793 0.065018 0.142540 -0.049638 -0.727757 -0.183243
147.000000 0.000000 1.729620 0.064669 0.140417 -0.045582 -0.714476 -0.194298
148.000000 5.000000 1.821479 0.065136 0.140463 -0.045600 -0.714315 -0.194424
149.000000 0.000000 1.892925 0.065680 0.137680 -0.041867 -0.711127 -0.196346
150.000000 0.000000 1.913338 0.066034 0.137609 -0.041828 -0.711411 -0.196105
151.000000 0.000000 1.933751 0.066689 0.137428 -0.041768 -0.711292 -0.196403
152.000000 5.000000 1.872511 0.067320 0.137052 -0.041802 -0.712396 -0.195808
153.000000 5.000000 1.852098 0.067855 0.135219 -0.039147 -0.709739 -0.197446
154.000000 0.000000 1.913338 0.068184 0.133628 -0.036857 -0.703350 -0.202896
155.000000 0.000000 1.984784 0.068827 0.133503 -0.036743 -0.703509 -0.202768
156.000000 5.000000 1.964370 0.069498 0.133301 -0.036602 -0.703229 -0.203168
157.000000 5.000000 1.984784 0.070114 0.131550 -0.034405 -0.701504 -0.204247
158.000000 0.000000 2.056229 0.070631 0.130086 -0.032737 -0.697116 -0.208186
159.000000 0.000000 2.097056 0.071314 0.130028 -0.032670 -0.697141 -0.208162
160.000000 5.000000 2.127675 0.071974 0.129730 -0.032351 -0.696396 -0.208971
161.000000 0.000000 2.127675 0.072647 0.128243 -0.030680 -0.695641 -0.209362
162.000000 0.000000 2.148088 0.073310 0.127585 -0.030041 -0.696562 -0.208557
163.000000 0.000000 2.107262 0.073963 0.127165 -0.029654 -0.695220 -0.210054
164.000000 0.000000 2.025610 0.074703 0.126515 -0.029356 -0.695381 -0.210393
165.000000 5.000000 1.892925 0.075449 0.125923 -0.029229 -0.695338 -0.211043
166.000000 5.000000 1.862305 0.076123 0.124769 -0.027639 -0.694391 -0.211437
167.000000 0.000000 1.892925 0.076711 0.123505 -0.026030 -0.690807 -0.214485
168.000000 5.000000 1.933751 0.077462 0.123371 -0.025886 -0.690837 -0.214467
169.000000 5.000000 1.964370 0.078181 0.121172 -0.023729 -0.691933 -0.213168
170.000000 5.000000 2.086849 0.078856 0.119741 -0.022555 -0.688700 -0.216406
171.000000 0.000000 2.199121 0.079637 0.117867 -0.021696 -0.688664 -0.217126
172.000000 5.000000 2.321600 0.080394 0.117948 -0.021825 -0.688692 -0.217131
173.000000 5.000000 2.393046 0.081124 0.116027 -0.020599 -0.690920 -0.215351
174.000000 5.000000 2.556351 0.081876 0.115034 -0.020265 -0.689265 -0.217455
175.000000 5.000000 2.678829 0.082690 0.113799 -0.020175 -0.689978 -0.217634
176.000000 5.000000 2.862547 0.083513 0.112773 -0.020282 -0.690150 -0.218366
177.000000 5.000000 2.995233 0.084344 0.111804 -0.020576 -0.690755 -0.218795
178.000000 0.000000 3.168744 0.085184 0.111033 -0.020938 -0.691322 -0.219166
179.000000 0.000000 3.270810 0.085930 0.110026 -0.019081 -0.690214 -0.219575
180.000000 0.000000 3.270810 0.086588 0.108928 -0.016937 -0.686131 -0.222882
181.000000 0.000000 3.178951 0.087392 0.107328 -0.014709 -0.683516 -0.225215
182.000000 5.000000 3.046265 0.088211 0.105645 -0.012885 -0.680841 -0.228133
183.000000 0.000000 2.944200 0.089062 0.106233 -0.013550 -0.680907 -0.228233
184.000000 0.000000 2.882961 0.089913 0.104098 -0.011452 -0.681995 -0.227473
185.000000 0.000000 2.750275 0.090755 0.103009 -0.010661 -0.679838 -0.230224
186.000000 0.000000 2.586970 0.091659 0.101734 -0.010230 -0.680907 -0.230283
187.000000 5.000000 2.423665 0.092568 0.100630 -0.010232 -0.682375 -0.230183
188.000000 0.000000 2.270567 0.093315 0.100350 -0.009773 -0.681839 -0.230506
189.000000 5.000000 2.219534 0.094143 0.099427 -0.009279 -0.683594 -0.229298
190.000000 5.000000 2.178708 0.095000 0.098361 -0.007764 -0.682706 -0.229617
191.000000 5.000000 2.239947 0.095786 0.097550 -0.006612 -0.679848 -0.231971
192.000000 0.000000 2.311393 0.096728 0.096233 -0.005403 -0.679000 -0.232684
193.000000 0.000000 2.382839 0.097664 0.096396 -0.005598 -0.679035 -0.232657
194.000000 0.000000 2.362426 0.098602 0.096214 -0.005425 -0.678711 -0.233037
195.000000 0.000000 2.301187 0.099587 0.095721 -0.005150 -0.678852 -0.233214
196.000000 5.000000 2.209328 0.100583 0.095130 -0.005006 -0.679229 -0.233409
197.000000 0.000000 2.158295 0.101475 0.094455 -0.003995 -0.678302 -0.233925
198.000000 5.000000 2.117469 0.102445 0.093976 -0.003658 -0.678818 -0.233609
199.000000 0.000000 2.107262 0.103409 0.092695 -0.001988 -0.678339 -0.233564
200.000000 5.000000 2.097056 0.104406 0.092537 -0.001857 -0.678466 -0.233482
201.000000 5.000000 2.117469 0.105399 0.091109 -0.000145 -0.678469 -0.233044
202.000000 5.000000 2.209328 0.106419 0.090169 0.000754 -0.677022 -0.234344
203.000000 0.000000 2.321600 0.107475 0.088815 0.001516 -0.677898 -0.233817
204.000000 0.000000 2.423665 0.108478 0.089008 0.001235 -0.678127 -0.233648
205.000000 5.000000 2.403252 0.109490 0.088823 0.001471 -0.677629 -0.234142
206.000000 5.000000 2.403252 0.110556 0.088003 0.002317 -0.677475 -0.234170
207.000000 0.000000 2.495111 0.111662 0.087321 0.002714 -0.677425 -0.234364
208.000000 0.000000 2.546144 0.112687 0.087075 0.003069 -0.677059 -0.234658
209.000000 0.000000 2.515525 0.113747 0.086640 0.003578 -0.676009 -0.235736
210.000000 0.000000 2.433872 0.114874 0.085895 0.004130 -0.675561 -0.236519
211.000000 5.000000 2.331806 0.116022 0.085065 0.004445 -0.675605 -0.237147
212.000000 0.000000 2.250154 0.117093 0.084861 0.004743 -0.675360 -0.237276
213.000000 0.000000 2.219534 0.118242 0.084141 0.005318 -0.675644 -0.237217
214.000000 0.000000 2.137882 0.119427 0.083714 0.005366 -0.675660 -0.237674
215.000000 5.000000 2.015403 0.120601 0.083148 0.005340 -0.676692 -0.237326
216.000000 5.000000 1.964370 0.121643 0.082568 0.006277 -0.675662 -0.237946
217.000000 0.000000 1.964370 0.122794 0.081655 0.007511 -0.673822 -0.239321
218.000000 5.000000 2.015403 0.123997 0.081873 0.007293 -0.673925 -0.239190
219.000000 0.000000 2.066436 0.125190 0.080461 0.008898 -0.673517 -0.239271
220.000000 5.000000 2.086849 0.126406 0.080598 0.008747 -0.673580 -0.239206
221.000000 5.000000 2.117469 0.127627 0.079227 0.010185 -0.673723 -0.238866
222.000000 5.000000 2.209328 0.128904 0.078260 0.010677 -0.674117 -0.238763
223.000000 0.000000 2.342013 0.130160 0.076925 0.011039 -0.676053 -0.237580
224.000000 5.000000 2.454285 0.131327 0.077138 0.010667 -0.676491 -0.237270
225.000000 0.000000 2.535938 0.132601 0.076170 0.011313 -0.677130 -0.236848
226.000000 0.000000 2.556351 0.133812 0.075933 0.011692 -0.676753 -0.237115
227.000000 0.000000 2.546144 0.135101 0.075519 0.012263 -0.675687 -0.238131
228.000000 5.000000 2.464492 0.136445 0.074754 0.012914 -0.675262 -0.238811
229.000000 0.000000 2.413459 0.137762 0.074804 0.012853 -0.675296 -0.238793
230.000000 0.000000 2.352220 0.139099 0.074190 0.013514 -0.674907 -0.239206
231.000000 0.000000 2.290980 0.140495 0.073714 0.013713 -0.674857 -0.239637
232.000000 0.000000 2.199121 0.141895 0.072972 0.013859 -0.675749 -0.239455
233.000000 0.000000 2.076643 0.143278 0.072262 0.013711 -0.677426 -0.238742
234.000000 0.000000 1.923544 0.144605 0.071647 0.013387 -0.679669 -0.237520
235.000000 0.000000 1.780652 0.145862 0.071138 0.012958 -0.682151 -0.236039
236.000000 0.000000 1.627554 0.147042 0.070772 0.012542 -0.684371 -0.234643
237.000000 0.000000 1.464249 0.148166 0.070575 0.012267 -0.685759 -0.233746
238.000000 0.000000 1.362184 0.149270 0.070419 0.012014 -0.686973 -0.232956
239.000000 5.000000 1.229498 0.150366 0.070370 0.011923 -0.687392 -0.232681
240.000000 0.000000 1.168259 0.151169 0.068737 0.015124 -0.681577 -0.236868
241.000000 0.000000 1.158053 0.152627 0.069516 0.014905 -0.680294 -0.237543
242.000000 0.000000 1.117226 0.154077 0.069746 0.015233 -0.679036 -0.238211
243.000000 0.000000 1.076400 0.155557 0.069970 0.015410 -0.678212 -0.238614
244.000000 0.000000 1.025367 0.157058 0.070120 0.015573 -0.677612 -0.238888
245.000000 5.000000 0.933508 0.158577 0.070297 0.015782 -0.676904 -0.239197
246.000000 5.000000 0.933508 0.159919 0.068122 0.019302 -0.673196 -0.241491
247.000000 5.000000 1.035574 0.161497 0.066151 0.021808 -0.672634 -0.241353
248.000000 0.000000 1.188672 0.163088 0.063524 0.024152 -0.673771 -0.240246
249.000000 0.000000 1.321357 0.164587 0.064841 0.022241 -0.676912 -0.237527
