0.000000 0.000000 -0.066734 60606060606.060608 0.000000 0.000000 0.000000 0.000000 0.000000 0.000000
1.000000 5.000000 -0.025908 51015202642.626678 -0.194113 0.000000 0.000000 0.000000 0.194113 0.000000
2.000000 5.000000 0.045538 41224406198.581268 -0.194087 0.000135 0.010110 0.000000 0.194139 -0.000135
3.000000 5.000000 0.168017 31230610785.220058 -0.194242 -0.000042 0.010117 0.021718 0.193984 0.000155
4.000000 5.000000 0.433387 21030714575.458527 -1.368090 -1.368984 0.034458 -0.006221 -0.979864 -0.000720
5.000000 5.000000 0.688551 10621575968.474018 -0.431829 -2.974096 0.024410 0.020671 0.021854 -0.501201
6.000000 5.000000 0.984541 235287.765559 -9.699430 12.919517 -0.426461 0.304770 0.420516 -0.045482
7.000000 5.000000 1.290738 17923.877673 -7.911220 10.059698 -0.333024 0.243663 0.483668 0.209314
8.000000 0.000000 1.566315 68.909865 -7.455773 9.392517 -0.306492 0.225321 0.455869 0.582120
9.000000 0.000000 1.821479 63.685753 -7.921716 9.667002 -0.331193 0.225766 0.434714 0.528944
10.000000 0.000000 1.943957 58.845795 -8.329044 8.398775 -0.299600 0.093873 -0.682694 -0.262830
11.000000 0.000000 1.984784 10.863812 -9.003920 9.145912 -0.325379 0.104740 -0.590370 -0.355386
12.000000 0.000000 1.974577 7.497111 -8.466460 7.735086 -0.255535 -0.005742 0.110628 -0.850477
13.000000 0.000000 1.913338 4.519785 -8.133219 7.004557 -0.252035 -0.015329 -0.011529 -0.696239
14.000000 0.000000 1.821479 3.999550 -8.095530 6.936369 -0.247320 -0.021329 0.038933 -0.776980
15.000000 5.000000 1.719413 3.909485 -8.052908 6.829562 -0.248901 -0.020010 -0.080036 -0.703686
16.000000 5.000000 1.678587 3.638301 -7.822218 6.477951 -0.184738 -0.075941 -0.073557 -0.879370
17.000000 5.000000 1.709207 2.399100 -8.076669 6.960784 -0.175992 -0.068007 0.377900 -0.053698
18.000000 5.000000 1.811272 1.242965 -7.998779 6.854528 -0.175081 -0.067117 0.361178 -0.120935
19.000000 5.000000 1.984784 1.005723 -8.008404 6.893237 -0.172018 -0.066592 0.418405 -0.034293
20.000000 0.000000 2.137882 0.980813 -8.007845 6.899879 -0.172016 -0.068914 0.440617 -0.026398
21.000000 0.000000 2.280774 0.904724 -7.967763 6.915002 -0.148653 -0.097517 0.574128 0.079419
22.000000 5.000000 2.311393 0.760079 -7.949254 6.973092 -0.158348 -0.089167 0.766393 0.240299
23.000000 0.000000 2.362426 0.690058 -7.959173 6.912700 -0.125443 -0.105916 0.616192 0.016985
24.000000 5.000000 2.372633 0.671022 -7.956471 6.915671 -0.113815 -0.118460 0.597274 0.050856
25.000000 5.000000 2.423665 0.642952 -7.966885 6.918031 -0.099346 -0.130766 0.531016 0.090928
26.000000 5.000000 2.484905 0.596635 -7.968323 6.897855 -0.101280 -0.120467 0.522554 -0.010319
27.000000 0.000000 2.627797 0.593849 -7.975068 6.906217 -0.097619 -0.119514 0.509217 0.024591
28.000000 0.000000 2.709449 0.589568 -7.961581 6.916633 -0.084208 -0.133751 0.563124 0.052394
29.000000 5.000000 2.699243 0.532422 -7.947613 6.925284 -0.083034 -0.133850 0.640873 0.072213
30.000000 5.000000 2.689036 0.471898 -7.944552 6.892952 -0.074271 -0.138134 0.623002 -0.059478
31.000000 5.000000 2.740069 0.472895 -7.959228 6.896218 -0.076240 -0.126818 0.582288 -0.061102
32.000000 0.000000 2.842134 0.473675 -7.957710 6.895648 -0.073893 -0.127420 0.594832 -0.061454
33.000000 0.000000 2.872754 0.455204 -7.948901 6.894957 -0.068522 -0.133349 0.630641 -0.070022
34.000000 5.000000 2.842134 0.442257 -7.946558 6.902574 -0.069377 -0.131230 0.646558 -0.047061
35.000000 0.000000 2.821721 0.430230 -7.954004 6.891865 -0.066463 -0.129575 0.599885 -0.090311
36.000000 0.000000 2.801308 0.428371 -7.956210 6.886029 -0.070735 -0.125785 0.593961 -0.110215
37.000000 5.000000 2.709449 0.430800 -7.953271 6.887061 -0.071668 -0.123612 0.602111 -0.115857
38.000000 0.000000 2.658416 0.422208 -7.965107 6.870678 -0.066995 -0.120865 0.526927 -0.180517
39.000000 0.000000 2.617590 0.420959 -7.964823 6.868111 -0.068652 -0.119563 0.535241 -0.189373
40.000000 5.000000 2.495111 0.414423 -7.964412 6.867999 -0.068658 -0.119495 0.536767 -0.190841
41.000000 0.000000 2.464492 0.408151 -7.963371 6.846237 -0.061052 -0.121854 0.535516 -0.280511
42.000000 5.000000 2.403252 0.411588 -7.963328 6.846242 -0.060991 -0.121916 0.535492 -0.280622
43.000000 0.000000 2.393046 0.414028 -7.968430 6.849177 -0.049807 -0.128037 0.524663 -0.261636
44.000000 5.000000 2.342013 0.414456 -7.968608 6.848299 -0.050625 -0.127166 0.524003 -0.264189
45.000000 5.000000 2.352220 0.415672 -7.972198 6.851892 -0.043225 -0.131941 0.520120 -0.244705
46.000000 0.000000 2.423665 0.414965 -7.972599 6.847004 -0.044383 -0.126087 0.515075 -0.267671
47.000000 0.000000 2.454285 0.412062 -7.968820 6.844738 -0.044342 -0.126506 0.524905 -0.280261
48.000000 0.000000 2.403252 0.402805 -7.963974 6.852866 -0.041310 -0.128226 0.553995 -0.255103
49.000000 0.000000 2.352220 0.390448 -7.966638 6.849480 -0.041845 -0.128451 0.536529 -0.264011
50.000000 0.000000 2.239947 0.384367 -7.966174 6.854809 -0.041057 -0.127932 0.539077 -0.245550
51.000000 0.000000 2.086849 0.376018 -7.974340 6.849358 -0.043503 -0.127088 0.487397 -0.249422
52.000000 5.000000 1.974577 0.367648 -7.970660 6.839465 -0.043279 -0.130282 0.511731 -0.282015
53.000000 0.000000 1.903131 0.368982 -7.973105 6.843215 -0.038342 -0.130779 0.509945 -0.255187
54.000000 5.000000 1.841892 0.372178 -7.972532 6.838928 -0.042605 -0.125795 0.521154 -0.258841
55.000000 0.000000 1.821479 0.365483 -7.971045 6.840224 -0.039781 -0.127631 0.536751 -0.250676
56.000000 5.000000 1.811272 0.360204 -7.980048 6.843480 -0.046827 -0.117308 0.494038 -0.229825
57.000000 0.000000 1.831685 0.350817 -7.981806 6.844299 -0.048904 -0.115468 0.480465 -0.227109
58.000000 5.000000 1.882718 0.335923 -7.990801 6.848526 -0.052641 -0.108385 0.437189 -0.209744
59.000000 5.000000 1.913338 0.329424 -7.994823 6.855952 -0.058181 -0.103449 0.409061 -0.176915
60.000000 0.000000 2.025610 0.315013 -8.008621 6.862827 -0.056766 -0.092439 0.331661 -0.168626
61.000000 0.000000 2.107262 0.308911 -8.010955 6.877723 -0.058318 -0.089672 0.306151 -0.103302
62.000000 5.000000 2.086849 0.297218 -7.997887 6.877897 -0.055858 -0.090853 0.367983 -0.111539
63.000000 5.000000 2.127675 0.265194 -7.998236 6.868009 -0.054090 -0.091201 0.346411 -0.156271
64.000000 0.000000 2.209328 0.266349 -7.999020 6.868293 -0.053593 -0.090464 0.343854 -0.158170
65.000000 5.000000 2.260361 0.267571 -7.996595 6.871118 -0.052997 -0.091144 0.353541 -0.150879
66.000000 0.000000 2.321600 0.265113 -7.994719 6.872281 -0.053912 -0.091230 0.363476 -0.143723
67.000000 5.000000 2.372633 0.260411 -7.993416 6.875125 -0.053260 -0.091990 0.373513 -0.132999
68.000000 5.000000 2.403252 0.259274 -7.991349 6.877866 -0.054841 -0.091289 0.384739 -0.120324
69.000000 0.000000 2.495111 0.256501 -7.993610 6.875412 -0.053312 -0.087762 0.362117 -0.138528
70.000000 5.000000 2.556351 0.257995 -7.990049 6.880587 -0.052270 -0.087467 0.361418 -0.120047
71.000000 5.000000 2.597177 0.254282 -7.988095 6.880952 -0.052722 -0.087572 0.372034 -0.118105
72.000000 5.000000 2.678829 0.248840 -7.988062 6.878110 -0.051929 -0.086598 0.366253 -0.134044
73.000000 5.000000 2.791102 0.251035 -7.987062 6.877633 -0.052616 -0.087159 0.368121 -0.133925
74.000000 5.000000 2.954406 0.252004 -7.986036 6.877735 -0.053159 -0.087918 0.372686 -0.131086
75.000000 0.000000 3.097298 0.252305 -7.981532 6.879171 -0.055156 -0.089861 0.391143 -0.113928
76.000000 0.000000 3.189157 0.245802 -7.974604 6.887214 -0.051679 -0.090177 0.434360 -0.089009
77.000000 0.000000 3.168744 0.236697 -7.970430 6.907473 -0.047837 -0.084579 0.476934 -0.029705
78.000000 5.000000 3.097298 0.230456 -7.970927 6.903804 -0.048712 -0.085137 0.466927 -0.038391
79.000000 5.000000 3.025852 0.229503 -7.970614 6.899451 -0.047059 -0.086204 0.470472 -0.057899
80.000000 5.000000 3.025852 0.231307 -7.971787 6.900856 -0.044626 -0.081156 0.471176 -0.041386
81.000000 0.000000 3.066679 0.231440 -7.971480 6.900695 -0.044086 -0.080918 0.476207 -0.040298
82.000000 5.000000 3.087092 0.231181 -7.970252 6.900406 -0.043623 -0.081162 0.478725 -0.043907
83.000000 0.000000 3.117711 0.231885 -7.970109 6.900989 -0.043881 -0.080925 0.479276 -0.041686
84.000000 0.000000 3.087092 0.233008 -7.969901 6.901161 -0.043725 -0.081033 0.480141 -0.041409
85.000000 0.000000 2.995233 0.233857 -7.969509 6.902526 -0.043438 -0.080378 0.481194 -0.038988
86.000000 5.000000 2.862547 0.235128 -7.971003 6.898410 -0.044999 -0.080969 0.473143 -0.044654
87.000000 0.000000 2.791102 0.236718 -7.969017 6.892325 -0.041754 -0.082494 0.486218 -0.056850
88.000000 0.000000 2.709449 0.237668 -7.969359 6.891315 -0.042953 -0.081454 0.493670 -0.048936
89.000000 0.000000 2.566557 0.239459 -7.969932 6.890579 -0.043215 -0.082094 0.493994 -0.046811
90.000000 0.000000 2.444079 0.241590 -7.970721 6.883537 -0.045631 -0.082943 0.489567 -0.052550
91.000000 0.000000 2.270567 0.242561 -7.970464 6.881725 -0.046026 -0.083694 0.495439 -0.052390
92.000000 5.000000 2.117469 0.243956 -7.973962 6.878308 -0.048485 -0.084881 0.486010 -0.029540
93.000000 5.000000 2.015403 0.242580 -7.967680 6.873734 -0.044833 -0.085217 0.522006 -0.032935
94.000000 5.000000 2.015403 0.240152 -7.968921 6.884442 -0.040649 -0.078266 0.534959 0.022884
95.000000 5.000000 2.086849 0.239797 -7.968587 6.884489 -0.040362 -0.078094 0.537626 0.023741
96.000000 5.000000 2.209328 0.239154 -7.968598 6.884503 -0.040358 -0.078088 0.537604 0.023779
97.000000 5.000000 2.352220 0.240423 -7.968611 6.885043 -0.041659 -0.079216 0.539234 0.033289
98.000000 5.000000 2.535938 0.241226 -7.966602 6.883520 -0.042577 -0.080331 0.548205 0.033981
99.000000 5.000000 2.709449 0.241585 -7.964692 6.884343 -0.044568 -0.082276 0.560336 0.055187
100.000000 5.000000 2.882961 0.240891 -7.962509 6.884066 -0.045428 -0.083383 0.575232 0.061523
101.000000 5.000000 3.056472 0.240563 -7.961726 6.886172 -0.046575 -0.084474 0.583419 0.080745
102.000000 5.000000 3.270810 0.241200 -7.959497 6.885910 -0.047305 -0.085398 0.595210 0.085421
103.000000 0.000000 3.413701 0.241546 -7.955752 6.887783 -0.048783 -0.086911 0.612208 0.111515
104.000000 5.000000 3.525974 0.239138 -7.953835 6.890429 -0.047290 -0.086797 0.625886 0.118214
105.000000 0.000000 3.577006 0.238360 -7.953437 6.895873 -0.049257 -0.084509 0.628008 0.144472
106.000000 0.000000 3.566800 0.238299 -7.954599 6.894824 -0.050286 -0.083908 0.620279 0.143443
107.000000 5.000000 3.495354 0.237968 -7.954228 6.899441 -0.049324 -0.081780 0.617212 0.154094
108.000000 5.000000 3.413701 0.239009 -7.957209 6.900219 -0.046887 -0.081115 0.598916 0.163324
109.000000 5.000000 3.403495 0.238989 -7.951430 6.893996 -0.045316 -0.077929 0.624930 0.144277
110.000000 5.000000 3.454528 0.238185 -7.951751 6.894354 -0.045179 -0.077846 0.626010 0.146807
111.000000 5.000000 3.495354 0.239934 -7.951595 6.894275 -0.045225 -0.077905 0.626469 0.146654
112.000000 0.000000 3.577006 0.241624 -7.951616 6.893024 -0.044781 -0.077478 0.624833 0.141161
113.000000 5.000000 3.597419 0.243929 -7.947748 6.895756 -0.041953 -0.077121 0.623966 0.141966
114.000000 0.000000 3.607626 0.243765 -7.949108 6.895434 -0.041397 -0.077716 0.616489 0.140889
115.000000 5.000000 3.577006 0.243545 -7.948877 6.894365 -0.041788 -0.077521 0.617206 0.137652
116.000000 5.000000 3.536180 0.245417 -7.949801 6.894283 -0.041360 -0.078142 0.616224 0.140105
117.000000 5.000000 3.546387 0.247581 -7.948064 6.892434 -0.039856 -0.074107 0.614455 0.130943
118.000000 5.000000 3.587213 0.248906 -7.948000 6.892442 -0.039931 -0.074123 0.613462 0.130619
119.000000 5.000000 3.648452 0.249818 -7.948879 6.893039 -0.039753 -0.073829 0.610842 0.132874
120.000000 5.000000 3.709692 0.251164 -7.948915 6.893346 -0.039850 -0.073901 0.610770 0.134405
121.000000 5.000000 3.811757 0.253312 -7.949291 6.893460 -0.039747 -0.073775 0.609801 0.134798
122.000000 5.000000 3.913823 0.255480 -7.948280 6.894023 -0.040249 -0.074230 0.611128 0.139818
123.000000 5.000000 4.005682 0.256872 -7.947571 6.894015 -0.040369 -0.074400 0.614305 0.140492
124.000000 0.000000 4.097541 0.258229 -7.947458 6.894575 -0.040494 -0.074498 0.615160 0.143341
125.000000 0.000000 4.117954 0.260108 -7.943579 6.897601 -0.037752 -0.073798 0.623454 0.145694
126.000000 5.000000 4.015888 0.260017 -7.942203 6.900584 -0.036782 -0.072300 0.630396 0.151102
127.000000 0.000000 3.954649 0.260967 -7.937079 6.889721 -0.033930 -0.072787 0.623587 0.121350
128.000000 5.000000 3.883203 0.261341 -7.937344 6.889358 -0.034316 -0.072728 0.626482 0.122003
129.000000 0.000000 3.770931 0.261861 -7.939238 6.889412 -0.033599 -0.073788 0.621656 0.130717
130.000000 5.000000 3.689278 0.263051 -7.935507 6.877727 -0.037647 -0.071785 0.624047 0.107449
131.000000 5.000000 3.566800 0.263193 -7.935360 6.877782 -0.037806 -0.071571 0.622373 0.106573
132.000000 0.000000 3.546387 0.264020 -7.937317 6.881231 -0.035946 -0.063205 0.588840 0.136376
133.000000 5.000000 3.495354 0.261398 -7.938726 6.887114 -0.034199 -0.061754 0.562598 0.142661
134.000000 0.000000 3.444321 0.257676 -7.944792 6.891083 -0.033585 -0.062347 0.546429 0.161472
135.000000 0.000000 3.362669 0.255651 -7.942011 6.885292 -0.034546 -0.061893 0.548468 0.144436
136.000000 0.000000 3.240190 0.256787 -7.942622 6.885005 -0.034847 -0.062311 0.548881 0.146355
137.000000 0.000000 3.087092 0.258854 -7.942801 6.879472 -0.036434 -0.063523 0.542115 0.142280
138.000000 0.000000 2.893167 0.260853 -7.942076 6.873858 -0.037803 -0.065191 0.550352 0.139881
139.000000 0.000000 2.709449 0.262528 -7.941659 6.867370 -0.040072 -0.067139 0.558839 0.156966
140.000000 0.000000 2.495111 0.263992 -7.939800 6.862396 -0.041103 -0.068300 0.570906 0.162638
141.000000 0.000000 2.290980 0.265727 -7.939572 6.856985 -0.043252 -0.069869 0.577978 0.182854
142.000000 0.000000 2.107262 0.266827 -7.935996 6.850735 -0.044119 -0.071100 0.596978 0.189115
143.000000 5.000000 1.923544 0.267787 -7.936468 6.849480 -0.045113 -0.071682 0.604638 0.205877
144.000000 0.000000 1.790859 0.269783 -7.929817 6.846959 -0.039764 -0.070391 0.622861 0.212452
145.000000 5.000000 1.729620 0.269762 -7.928111 6.846512 -0.040947 -0.068189 0.640903 0.227793
146.000000 5.000000 1.688793 0.270982 -7.928054 6.846401 -0.041050 -0.068154 0.640572 0.227176
147.000000 0.000000 1.739826 0.273411 -7.926458 6.850031 -0.037783 -0.062389 0.632622 0.227553
148.000000 5.000000 1.811272 0.274715 -7.925682 6.851171 -0.036210 -0.062153 0.614690 0.226163
149.000000 0.000000 1.872511 0.274813 -7.922610 6.848586 -0.037118 -0.061924 0.624305 0.221367
150.000000 0.000000 1.933751 0.273817 -7.922357 6.847985 -0.037247 -0.061724 0.623206 0.218493
151.000000 0.000000 1.933751 0.276418 -7.917920 6.849819 -0.035548 -0.058133 0.620309 0.217713
152.000000 5.000000 1.882718 0.276247 -7.918845 6.849307 -0.035946 -0.058264 0.613195 0.216238
153.000000 5.000000 1.882718 0.275899 -7.913802 6.844934 -0.032905 -0.058140 0.623317 0.196491
154.000000 0.000000 1.943957 0.275582 -7.914100 6.846394 -0.032412 -0.057301 0.626052 0.201256
155.000000 0.000000 1.974577 0.277832 -7.910655 6.846099 -0.030582 -0.057285 0.632438 0.196936
156.000000 5.000000 1.964370 0.278457 -7.909981 6.847294 -0.030233 -0.056572 0.636782 0.200832
157.000000 5.000000 1.984784 0.280296 -7.908272 6.846168 -0.028429 -0.056021 0.637445 0.192966
158.000000 0.000000 2.056229 0.282436 -7.908327 6.846862 -0.028064 -0.055426 0.638932 0.194344
159.000000 0.000000 2.107262 0.284786 -7.904480 6.846339 -0.026212 -0.055293 0.644158 0.188909
160.000000 5.000000 2.127675 0.285482 -7.903004 6.847965 -0.025632 -0.054189 0.651826 0.194880
161.000000 0.000000 2.107262 0.287111 -7.902695 6.847686 -0.025250 -0.054086 0.651580 0.192784
162.000000 0.000000 2.148088 0.289877 -7.903477 6.846778 -0.026686 -0.052998 0.649666 0.195293
163.000000 0.000000 2.107262 0.292424 -7.898663 6.849205 -0.025291 -0.048615 0.639020 0.195141
164.000000 0.000000 2.025610 0.291201 -7.901579 6.847475 -0.026699 -0.048602 0.611601 0.192629
165.000000 5.000000 1.943957 0.289864 -7.899415 6.843235 -0.026918 -0.049523 0.619816 0.181185
166.000000 5.000000 1.872511 0.289811 -7.900382 6.845866 -0.025333 -0.048838 0.623097 0.196312
167.000000 0.000000 1.903131 0.292484 -7.895969 6.844901 -0.022739 -0.044924 0.627776 0.192617
168.000000 5.000000 1.954164 0.293979 -7.892566 6.843412 -0.021174 -0.044874 0.616682 0.181834
169.000000 5.000000 1.984784 0.295294 -7.891028 6.842337 -0.021855 -0.044720 0.622345 0.181526
170.000000 5.000000 2.086849 0.296013 -7.888500 6.840773 -0.020471 -0.042715 0.620595 0.168738
171.000000 0.000000 2.250154 0.297903 -7.884503 6.835270 -0.022259 -0.043913 0.610511 0.159867
172.000000 5.000000 2.331806 0.297685 -7.872343 6.830597 -0.018694 -0.044849 0.646198 0.158421
173.000000 5.000000 2.413459 0.294752 -7.872262 6.830388 -0.018623 -0.044899 0.645714 0.157440
174.000000 5.000000 2.546144 0.297439 -7.871957 6.829582 -0.019070 -0.045691 0.644796 0.158529
175.000000 5.000000 2.678829 0.299921 -7.866915 6.825407 -0.020276 -0.046699 0.651991 0.153455
176.000000 5.000000 2.842134 0.300737 -7.865874 6.825103 -0.020747 -0.047283 0.658751 0.159011
177.000000 5.000000 3.015646 0.303000 -7.863454 6.824307 -0.022219 -0.048373 0.661842 0.172651
178.000000 0.000000 3.189157 0.304369 -7.859192 6.821945 -0.022852 -0.049485 0.677471 0.175962
179.000000 0.000000 3.281016 0.304499 -7.854435 6.827278 -0.019306 -0.048431 0.695999 0.200911
180.000000 0.000000 3.270810 0.305007 -7.853275 6.830946 -0.018279 -0.046734 0.705363 0.207990
181.000000 0.000000 3.199364 0.306497 -7.853209 6.828104 -0.018904 -0.047282 0.702870 0.200917
182.000000 5.000000 3.046265 0.309375 -7.853682 6.826532 -0.019435 -0.047900 0.704431 0.201152
183.000000 0.000000 2.954406 0.312279 -7.847695 6.819386 -0.015515 -0.047759 0.708997 0.205679
184.000000 0.000000 2.872754 0.313603 -7.847631 6.818767 -0.015963 -0.047483 0.712927 0.207470
185.000000 0.000000 2.750275 0.315301 -7.848801 6.818317 -0.016388 -0.048194 0.710856 0.210924
186.000000 0.000000 2.586970 0.317099 -7.845098 6.809823 -0.017319 -0.048969 0.711348 0.195571
187.000000 5.000000 2.413459 0.319153 -7.844695 6.805541 -0.018423 -0.050366 0.724077 0.204591
188.000000 0.000000 2.321600 0.321231 -7.839027 6.801833 -0.014595 -0.049610 0.738576 0.218494
189.000000 5.000000 2.209328 0.323502 -7.839128 6.801551 -0.015086 -0.049189 0.740639 0.221154
190.000000 5.000000 2.178708 0.326593 -7.839033 6.800393 -0.012398 -0.050807 0.741054 0.226787
191.000000 5.000000 2.229741 0.328913 -7.838512 6.800706 -0.011924 -0.049965 0.743994 0.226928
192.000000 0.000000 2.311393 0.330822 -7.835991 6.798141 -0.012389 -0.050475 0.746017 0.219749
193.000000 0.000000 2.393046 0.332674 -7.834945 6.798899 -0.011635 -0.050519 0.750893 0.223630
194.000000 0.000000 2.372633 0.335413 -7.831911 6.802160 -0.010628 -0.047734 0.753512 0.234104
195.000000 0.000000 2.301187 0.336841 -7.831869 6.798170 -0.011798 -0.047915 0.737907 0.228589
196.000000 5.000000 2.209328 0.338086 -7.831391 6.796415 -0.011958 -0.048519 0.743269 0.224993
197.000000 0.000000 2.137882 0.340061 -7.831536 6.797643 -0.010236 -0.047733 0.742943 0.237598
198.000000 5.000000 2.117469 0.343288 -7.830182 6.794417 -0.011665 -0.046696 0.744931 0.235375
199.000000 0.000000 2.107262 0.345698 -7.828994 6.793329 -0.012949 -0.045962 0.739124 0.232249
200.000000 5.000000 2.107262 0.347227 -7.830327 6.793308 -0.014344 -0.044161 0.726973 0.235244
201.000000 5.000000 2.137882 0.348201 -7.830772 6.794189 -0.015118 -0.043528 0.722418 0.239542
202.000000 5.000000 2.178708 0.349698 -7.831216 6.795135 -0.014873 -0.042874 0.720911 0.241882
203.000000 0.000000 2.321600 0.352205 -7.831081 6.794881 -0.014687 -0.042815 0.721167 0.240093
204.000000 0.000000 2.423665 0.354939 -7.816602 6.786813 -0.011389 -0.042970 0.724945 0.225658
205.000000 5.000000 2.413459 0.352915 -7.814170 6.788077 -0.010592 -0.041868 0.739178 0.232475
206.000000 5.000000 2.423665 0.352290 -7.807757 6.781551 -0.008066 -0.041393 0.742578 0.209734
207.000000 0.000000 2.505318 0.353603 -7.807387 6.780999 -0.008173 -0.041617 0.741792 0.208406
208.000000 0.000000 2.535938 0.356363 -7.802401 6.781321 -0.005959 -0.040916 0.752169 0.205460
209.000000 0.000000 2.515525 0.357598 -7.802483 6.780798 -0.006053 -0.041123 0.750983 0.203935
210.000000 0.000000 2.444079 0.360829 -7.802491 6.780194 -0.006199 -0.041224 0.751560 0.202934
211.000000 5.000000 2.342013 0.364199 -7.802873 6.777822 -0.006981 -0.041989 0.750334 0.206275
212.000000 0.000000 2.229741 0.367354 -7.800436 6.775811 -0.004985 -0.041630 0.756577 0.203614
213.000000 0.000000 2.209328 0.370267 -7.798925 6.771318 -0.007664 -0.039841 0.760309 0.218294
214.000000 0.000000 2.127675 0.372648 -7.795087 6.772908 -0.006764 -0.036341 0.743959 0.212342
215.000000 5.000000 2.005197 0.373214 -7.797309 6.770152 -0.008363 -0.035708 0.710125 0.215701
216.000000 5.000000 1.943957 0.371942 -7.790982 6.764242 -0.005796 -0.035951 0.732927 0.199797
217.000000 0.000000 1.984784 0.370060 -7.791964 6.766812 -0.005126 -0.034493 0.734660 0.213320
218.000000 5.000000 2.005197 0.373463 -7.789511 6.767985 -0.003665 -0.033973 0.736088 0.218700
219.000000 0.000000 2.035816 0.376514 -7.789722 6.768071 -0.003177 -0.034024 0.734069 0.217861
220.000000 5.000000 2.076643 0.379943 -7.789721 6.768181 -0.003094 -0.034127 0.733990 0.218287
221.000000 5.000000 2.117469 0.383510 -7.787277 6.766617 -0.004305 -0.033273 0.734413 0.215597
222.000000 5.000000 2.219534 0.386181 -7.787058 6.767163 -0.003621 -0.031876 0.730213 0.212458
223.000000 0.000000 2.362426 0.389597 -7.782769 6.763474 -0.005085 -0.032368 0.722748 0.216450
224.000000 5.000000 2.423665 0.391004 -7.774429 6.760288 -0.002972 -0.032646 0.744822 0.214591
225.000000 0.000000 2.495111 0.390757 -7.773906 6.759287 -0.002567 -0.032803 0.742959 0.209878
226.000000 0.000000 2.566557 0.394482 -7.771380 6.758187 -0.001649 -0.033627 0.741321 0.208987
227.000000 0.000000 2.535938 0.397580 -7.766294 6.759520 -0.000278 -0.030867 0.750757 0.209610
228.000000 5.000000 2.464492 0.398982 -7.762523 6.751089 -0.001207 -0.031125 0.739348 0.192718
229.000000 0.000000 2.403252 0.401473 -7.762794 6.751369 -0.000444 -0.031092 0.745234 0.193228
230.000000 0.000000 2.382839 0.404204 -7.762398 6.748893 -0.001810 -0.030212 0.741817 0.203853
231.000000 0.000000 2.311393 0.407533 -7.761011 6.750722 -0.001193 -0.028612 0.737487 0.207123
232.000000 0.000000 2.199121 0.410732 -7.760694 6.746928 -0.002099 -0.028554 0.725741 0.211863
233.000000 0.000000 2.066436 0.413061 -7.757962 6.740939 -0.002901 -0.029695 0.736123 0.206002
234.000000 0.000000 1.923544 0.415216 -7.757820 6.738223 -0.003718 -0.030377 0.740341 0.222707
235.000000 0.000000 1.770446 0.418733 -7.753601 6.730828 -0.004534 -0.031227 0.746868 0.221721
236.000000 0.000000 1.647967 0.421788 -7.751875 6.726391 -0.005366 -0.032091 0.757086 0.233296
237.000000 0.000000 1.494869 0.425129 -7.751034 6.724601 -0.005652 -0.032381 0.760900 0.236710
238.000000 0.000000 1.372390 0.429076 -7.746865 6.716877 -0.006649 -0.033251 0.761201 0.244114
239.000000 5.000000 1.239705 0.431520 -7.746143 6.715666 -0.006797 -0.033466 0.766776 0.245681
240.000000 0.000000 1.178466 0.434726 -7.743008 6.716169 -0.003087 -0.031607 0.764661 0.263774
241.000000 0.000000 1.147846 0.438041 -7.742732 6.715836 -0.003227 -0.031430 0.766275 0.263612
242.000000 0.000000 1.107020 0.441249 -7.742190 6.715707 -0.003125 -0.031161 0.766580 0.262073
243.000000 0.000000 1.076400 0.444702 -7.740518 6.713203 -0.003162 -0.030926 0.764062 0.255697
244.000000 0.000000 1.015161 0.448606 -7.740374 6.713287 -0.003082 -0.030832 0.762922 0.255111
245.000000 5.000000 0.943715 0.452782 -7.739861 6.711425 -0.003416 -0.031111 0.758601 0.257848
246.000000 5.000000 0.933508 0.456438 -7.737433 6.710839 -0.001541 -0.030312 0.764912 0.255424
247.000000 5.000000 1.025367 0.459388 -7.737545 6.711313 -0.001371 -0.030032 0.765257 0.256602
248.000000 0.000000 1.178466 0.463602 -7.732991 6.705355 -0.003243 -0.031367 0.768270 0.258481
249.000000 0.000000 1.321357 0.466447 -7.726797 6.702244 -0.001826 -0.031997 0.784311 0.266405
