0.000000 0.000000 -0.036114 80808080808.080811 0.000000 0.000000 0.000000 0.000000 0.000000 0.000000 0.000000 0.000000
1.000000 5.000000 -0.036114 71421283925.856308 0.000000 0.000000 0.500000 0.000000 -0.500000 0.000000 0.000000 0.000000
2.000000 5.000000 0.004712 61836609514.974838 0.004553 0.000000 0.500016 -0.000033 -0.499984 0.000033 0.000000 0.000000
3.000000 5.000000 0.208843 52051018175.488205 0.004553 0.039019 0.500016 0.000108 -0.499984 0.000174 -0.000178 0.000000
4.000000 5.000000 0.433387 42061428940.075378 0.005479 0.033980 0.474368 0.051320 -0.525632 -0.051095 -0.717824 -0.087731
5.000000 5.000000 0.708964 31864719369.288898 0.006367 0.034715 0.453174 0.074925 -0.546826 -0.129256 0.037312 -0.561613
6.000000 5.000000 0.953921 21457726207.440723 0.024516 0.035381 -0.057955 0.956910 -1.060565 -1.158108 0.137119 -0.419504
7.000000 5.000000 1.300944 10837253461.445023 0.025040 0.031858 0.653327 0.445050 0.465373 -1.466579 0.141555 -0.429468
8.000000 0.000000 1.576521 22578.925310 0.024684 0.037946 0.595137 -0.236568 0.691822 -2.402923 0.133853 -0.383004
9.000000 0.000000 1.821479 3514.388000 0.022164 0.039268 0.273604 -0.624336 0.407078 -2.277328 0.129207 -0.381012
10.000000 0.000000 1.964370 408.543549 0.022478 0.039903 0.314901 -0.659082 0.518166 -2.433514 0.150985 -0.439899
11.000000 0.000000 1.974577 145.556672 0.014560 0.035352 0.593337 0.264340 0.383849 -1.734398 0.007178 -0.144844
12.000000 0.000000 1.964370 118.833884 0.021389 0.029333 0.539023 0.428456 0.232275 -1.478910 0.066373 -0.167749
13.000000 0.000000 1.903131 102.165714 0.023186 0.018600 0.944603 0.655859 0.410482 -1.465849 0.318370 -0.119182
14.000000 0.000000 1.811272 42.638701 0.030269 0.015382 0.653721 0.868593 0.404000 -1.438970 0.259721 -0.087871
15.000000 5.000000 1.719413 30.420813 0.028666 0.031122 0.771548 0.312811 0.254153 -1.223406 0.467955 0.215079
16.000000 5.000000 1.668380 25.639348 0.024354 0.025283 0.823481 0.352502 0.330259 -1.289453 0.425185 0.113755
17.000000 5.000000 1.709207 22.575550 0.026128 0.026065 0.820347 0.388983 0.307353 -1.245573 0.460498 0.167938
18.000000 5.000000 1.801066 20.369958 0.014541 0.018926 0.644010 0.391808 0.322057 -1.302158 0.245781 0.036874
19.000000 5.000000 1.984784 19.632739 0.020667 0.006751 0.677244 0.376118 0.343022 -1.359210 0.268170 -0.180038
20.000000 0.000000 2.127675 17.342975 0.022041 0.011095 0.732805 0.457482 0.338364 -1.359972 0.274271 -0.129588
21.000000 0.000000 2.290980 14.062393 0.013499 -0.000477 0.544767 0.505200 0.390357 -1.458025 0.074326 -0.339795
22.000000 5.000000 2.321600 13.161581 0.011476 -0.003500 0.553688 0.419542 0.390769 -1.469617 0.061446 -0.393684
23.000000 0.000000 2.352220 11.810547 0.003336 0.001126 0.570661 0.208092 0.363370 -1.417930 0.050037 -0.307702
24.000000 5.000000 2.393046 10.896271 0.003171 0.003571 0.561278 0.189827 0.346037 -1.406392 0.049334 -0.274560
25.000000 5.000000 2.403252 10.276797 0.003421 0.004790 0.568808 0.221950 0.340028 -1.392005 0.055517 -0.245471
26.000000 5.000000 2.484905 10.188655 0.002962 0.004775 0.573536 0.215037 0.340872 -1.390791 0.055144 -0.243914
27.000000 0.000000 2.627797 9.896642 0.002296 0.008224 0.599746 0.172806 0.327108 -1.385008 0.058035 -0.208159
28.000000 0.000000 2.689036 9.363305 0.001602 0.006881 0.589759 0.178562 0.333526 -1.396691 0.039660 -0.233686
29.000000 5.000000 2.678829 8.829906 0.002880 0.008574 0.609727 0.158426 0.321227 -1.377236 0.070942 -0.199227
30.000000 5.000000 2.678829 8.608823 0.001421 0.009816 0.647336 0.170089 0.323746 -1.372920 0.066078 -0.178867
31.000000 5.000000 2.729862 8.410222 0.000871 0.007874 0.633038 0.187649 0.330614 -1.375805 0.055202 -0.199557
32.000000 0.000000 2.831928 8.429369 0.000590 0.007753 0.624873 0.183329 0.330220 -1.378907 0.047522 -0.204932
33.000000 0.000000 2.882961 8.404269 0.000264 0.007462 0.623963 0.181579 0.332124 -1.382930 0.041331 -0.212449
34.000000 5.000000 2.872754 8.195520 0.001121 0.008612 0.637496 0.170718 0.323614 -1.370239 0.060863 -0.190382
35.000000 0.000000 2.831928 8.139201 -0.000292 0.009518 0.667037 0.178604 0.326572 -1.368022 0.054530 -0.175366
36.000000 0.000000 2.821721 8.125362 0.000162 0.006864 0.651519 0.209672 0.330777 -1.365386 0.051317 -0.200815
37.000000 5.000000 2.719656 7.843384 0.001611 0.008721 0.695794 0.223797 0.323807 -1.353758 0.077511 -0.172838
38.000000 0.000000 2.648210 7.795442 -0.000402 0.009889 0.717842 0.252022 0.317983 -1.341798 0.061957 -0.144150
39.000000 0.000000 2.597177 7.808443 -0.000103 0.007566 0.714282 0.267878 0.325824 -1.345088 0.060539 -0.171655
40.000000 5.000000 2.515525 7.627684 0.000885 0.008792 0.738446 0.283002 0.320183 -1.337065 0.075791 -0.152732
41.000000 0.000000 2.454285 7.665661 -0.000119 0.009089 0.743893 0.289677 0.319904 -1.334356 0.067847 -0.143953
42.000000 5.000000 2.413459 7.689474 0.000064 0.007173 0.731551 0.297358 0.326146 -1.337127 0.065880 -0.166377
43.000000 0.000000 2.382839 7.621603 0.000104 0.007276 0.734238 0.298083 0.325861 -1.336606 0.067016 -0.164858
44.000000 5.000000 2.362426 7.645449 -0.000107 0.007135 0.728463 0.304158 0.326529 -1.336204 0.063695 -0.164097
45.000000 5.000000 2.342013 7.671148 0.000123 0.007037 0.729496 0.295229 0.324613 -1.332871 0.069631 -0.163263
46.000000 0.000000 2.433872 7.703118 0.001145 0.006920 0.715827 0.285060 0.316803 -1.327305 0.077436 -0.163639
47.000000 0.000000 2.433872 7.631498 0.001188 0.006869 0.713776 0.285263 0.316691 -1.327043 0.077677 -0.163826
48.000000 0.000000 2.393046 7.367784 0.001452 0.007479 0.721740 0.272589 0.312956 -1.322303 0.086660 -0.154245
49.000000 0.000000 2.352220 7.380390 0.001265 0.007395 0.722530 0.284837 0.313875 -1.322007 0.082161 -0.153594
50.000000 0.000000 2.239947 7.451278 0.001447 0.007024 0.725748 0.283535 0.315384 -1.320521 0.086550 -0.158709
51.000000 0.000000 2.097056 7.459503 0.001642 0.007819 0.765751 0.297812 0.309578 -1.310801 0.096045 -0.141610
52.000000 5.000000 1.954164 7.421042 0.001795 0.007828 0.793911 0.341152 0.306851 -1.305539 0.093137 -0.137895
53.000000 0.000000 1.892925 7.464124 0.001403 0.007673 0.799143 0.353009 0.307623 -1.305045 0.088502 -0.138364
54.000000 5.000000 1.831685 7.530049 0.001437 0.007353 0.799101 0.357971 0.310047 -1.306363 0.088953 -0.141417
55.000000 0.000000 1.821479 7.570574 0.001482 0.007418 0.800094 0.357955 0.309205 -1.305300 0.090039 -0.139856
56.000000 5.000000 1.831685 7.635324 0.001656 0.007489 0.801989 0.355477 0.307281 -1.304017 0.092037 -0.139331
57.000000 0.000000 1.852098 7.667316 0.001652 0.007492 0.802165 0.355626 0.307341 -1.304101 0.091957 -0.139368
58.000000 5.000000 1.872511 7.723782 0.001812 0.007375 0.798863 0.361009 0.305730 -1.303285 0.090705 -0.140732
59.000000 5.000000 1.923544 7.761769 0.001746 0.007479 0.804488 0.360176 0.307095 -1.305222 0.090448 -0.141566
60.000000 0.000000 2.015403 7.774858 0.002856 0.007711 0.807245 0.387223 0.298988 -1.299345 0.092997 -0.136713
61.000000 0.000000 2.086849 7.772117 0.002528 0.007883 0.817270 0.389375 0.301732 -1.302958 0.089187 -0.138578
62.000000 5.000000 2.107262 7.742343 0.002036 0.006765 0.809724 0.406379 0.305273 -1.307965 0.075845 -0.154113
63.000000 5.000000 2.117469 7.738408 0.001740 0.006592 0.803128 0.405341 0.305537 -1.307667 0.072121 -0.154932
64.000000 0.000000 2.209328 7.717023 0.001901 0.007041 0.799511 0.416018 0.302399 -1.305395 0.070364 -0.147669
65.000000 5.000000 2.270567 7.737645 0.000922 0.006407 0.806800 0.396461 0.304943 -1.309932 0.060343 -0.161886
66.000000 0.000000 2.321600 7.651863 0.001076 0.006252 0.817865 0.408016 0.307483 -1.313446 0.059340 -0.167370
67.000000 5.000000 2.352220 7.665167 0.001085 0.006274 0.817778 0.408843 0.307391 -1.313426 0.059216 -0.167103
68.000000 5.000000 2.413459 7.719979 0.000828 0.006107 0.816351 0.400198 0.307630 -1.314782 0.056638 -0.170149
69.000000 0.000000 2.474698 7.744319 0.001462 0.006290 0.829688 0.408007 0.304578 -1.313202 0.061135 -0.170086
70.000000 5.000000 2.535938 7.732604 0.001459 0.006291 0.829729 0.408098 0.304603 -1.313235 0.061083 -0.170092
71.000000 5.000000 2.597177 7.774389 0.001384 0.005191 0.812867 0.406616 0.302977 -1.313778 0.054021 -0.183611
72.000000 5.000000 2.689036 7.712349 0.001703 0.005538 0.825940 0.407918 0.301832 -1.313438 0.058262 -0.181330
73.000000 5.000000 2.801308 7.633954 0.001422 0.005721 0.820508 0.438800 0.302563 -1.316070 0.044778 -0.180091
74.000000 5.000000 2.913580 7.673388 0.001434 0.005102 0.833735 0.422705 0.303360 -1.319623 0.044637 -0.195181
75.000000 0.000000 3.087092 7.612513 0.001696 0.005618 0.865362 0.453627 0.303956 -1.322798 0.042101 -0.194654
76.000000 0.000000 3.189157 7.611975 0.001082 0.005225 0.867245 0.480201 0.308274 -1.329687 0.026332 -0.203584
77.000000 0.000000 3.168744 7.642138 0.001287 0.005583 0.858046 0.480406 0.305011 -1.325124 0.028556 -0.195250
78.000000 5.000000 3.097298 7.657198 0.000902 0.005483 0.883931 0.463672 0.307004 -1.324441 0.031735 -0.197890
79.000000 5.000000 3.015646 7.609327 0.000744 0.005203 0.897846 0.492245 0.309786 -1.325344 0.026773 -0.201550
80.000000 5.000000 3.046265 7.680209 0.000701 0.005169 0.897396 0.492949 0.309608 -1.324907 0.026530 -0.201309
81.000000 0.000000 3.046265 7.749552 0.000687 0.005201 0.897140 0.493079 0.308727 -1.324294 0.025939 -0.200880
82.000000 5.000000 3.097298 7.789580 0.000698 0.005214 0.897058 0.493046 0.308495 -1.324004 0.026158 -0.200494
83.000000 0.000000 3.087092 7.866068 0.000736 0.005192 0.896346 0.493597 0.307987 -1.323961 0.025941 -0.201060
84.000000 0.000000 3.097298 7.941045 0.000664 0.005027 0.892173 0.493527 0.308486 -1.323254 0.025632 -0.201895
85.000000 0.000000 2.995233 7.979923 0.001235 0.005344 0.905700 0.495061 0.306301 -1.319569 0.034170 -0.196293
86.000000 5.000000 2.862547 8.014219 0.000835 0.005983 0.920916 0.519928 0.300581 -1.311161 0.028889 -0.183271
87.000000 0.000000 2.780895 8.063993 0.000469 0.005336 0.935259 0.527960 0.301177 -1.310062 0.025635 -0.189336
88.000000 0.000000 2.709449 8.073501 0.000622 0.005350 0.939238 0.540729 0.304145 -1.312331 0.025821 -0.190482
89.000000 0.000000 2.597177 8.097015 0.001173 0.005973 0.934337 0.538138 0.289777 -1.295962 0.034866 -0.170264
90.000000 0.000000 2.444079 8.100571 0.000761 0.006074 0.970538 0.543086 0.294455 -1.298932 0.034709 -0.172340
91.000000 0.000000 2.270567 8.076646 0.001221 0.005700 0.974885 0.601135 0.287577 -1.289918 0.027059 -0.170186
92.000000 5.000000 2.137882 8.109607 0.001336 0.006086 0.994995 0.603034 0.283145 -1.284408 0.032267 -0.163306
93.000000 5.000000 2.015403 8.133586 0.000860 0.005771 0.998662 0.622196 0.288340 -1.288650 0.024300 -0.167456
94.000000 5.000000 2.025610 8.210982 0.000808 0.005632 0.998775 0.620897 0.287520 -1.287484 0.024741 -0.168013
95.000000 5.000000 2.086849 8.279496 0.000502 0.005468 0.993813 0.610316 0.282036 -1.283133 0.019934 -0.169889
96.000000 5.000000 2.209328 8.248942 0.000738 0.005465 1.021726 0.620983 0.284202 -1.286518 0.020924 -0.175469
97.000000 5.000000 2.352220 8.203053 0.000824 0.005770 1.021436 0.662226 0.287299 -1.291261 0.010362 -0.175845
98.000000 5.000000 2.525731 8.262637 0.000639 0.005549 1.038489 0.645392 0.279624 -1.285477 0.010820 -0.177313
99.000000 5.000000 2.709449 8.176773 0.000960 0.005754 1.081138 0.683424 0.280781 -1.288752 0.008029 -0.181493
100.000000 5.000000 2.893167 8.153969 0.000968 0.005837 1.076619 0.725322 0.286944 -1.296972 -0.004793 -0.185572
101.000000 5.000000 3.087092 8.194316 0.000938 0.005801 1.100988 0.707616 0.275635 -1.287802 -0.001299 -0.184163
102.000000 5.000000 3.250397 8.127484 0.001119 0.005952 1.124482 0.739097 0.276666 -1.290479 -0.005490 -0.186330
103.000000 0.000000 3.413701 8.150294 0.001089 0.005908 1.114286 0.758277 0.281615 -1.297060 -0.013879 -0.190981
104.000000 5.000000 3.505560 8.157166 0.000798 0.005810 1.125456 0.743944 0.275196 -1.291641 -0.012893 -0.190182
105.000000 0.000000 3.556593 8.097267 0.000772 0.005832 1.124724 0.740556 0.274381 -1.290652 -0.012312 -0.189293
106.000000 0.000000 3.566800 8.120488 0.000756 0.005781 1.127787 0.741889 0.275439 -1.291466 -0.012370 -0.190434
107.000000 5.000000 3.485147 8.137210 0.001479 0.006129 1.115685 0.760146 0.272586 -1.287287 -0.009592 -0.183562
108.000000 5.000000 3.413701 8.138728 0.000871 0.006285 1.128426 0.745380 0.270064 -1.283580 -0.009185 -0.179183
109.000000 5.000000 3.423908 8.091782 0.000848 0.006163 1.128798 0.748690 0.271160 -1.284504 -0.010138 -0.180945
110.000000 5.000000 3.444321 8.133920 0.000743 0.006055 1.131101 0.749847 0.271824 -1.285472 -0.012190 -0.183003
111.000000 5.000000 3.495354 8.179284 0.000792 0.006054 1.130700 0.751244 0.272185 -1.285980 -0.012331 -0.183744
112.000000 0.000000 3.577006 8.224671 0.000698 0.006373 1.131080 0.742703 0.267244 -1.281944 -0.011396 -0.177557
113.000000 5.000000 3.607626 8.255977 0.000668 0.006334 1.131858 0.743271 0.267516 -1.282309 -0.011932 -0.178299
114.000000 0.000000 3.607626 8.306091 0.000528 0.006331 1.135863 0.739139 0.266363 -1.280608 -0.011631 -0.176820
115.000000 5.000000 3.577006 8.313671 0.000561 0.006184 1.137011 0.747418 0.270036 -1.283748 -0.013345 -0.180857
116.000000 5.000000 3.536180 8.339002 0.000747 0.006472 1.134421 0.742791 0.263301 -1.276077 -0.008766 -0.172490
117.000000 5.000000 3.525974 8.373311 0.000705 0.006452 1.135257 0.743015 0.263882 -1.276578 -0.009054 -0.172905
118.000000 5.000000 3.577006 8.423129 0.000691 0.006465 1.135775 0.742718 0.264029 -1.276776 -0.009115 -0.172942
119.000000 5.000000 3.658659 8.473530 0.000673 0.005924 1.129681 0.755627 0.262451 -1.276582 -0.017375 -0.179919
120.000000 5.000000 3.740311 8.515973 0.000736 0.006003 1.132599 0.755646 0.262436 -1.276794 -0.016463 -0.179863
121.000000 5.000000 3.801551 8.558776 0.000655 0.005994 1.130664 0.758757 0.261998 -1.276652 -0.018574 -0.179334
122.000000 5.000000 3.913823 8.624646 0.000818 0.005729 1.131306 0.746927 0.261994 -1.278129 -0.017131 -0.186811
123.000000 5.000000 4.015888 8.627924 0.000934 0.005988 1.145492 0.754283 0.259943 -1.276927 -0.016056 -0.184149
124.000000 0.000000 4.097541 8.640293 0.000909 0.005972 1.144405 0.756161 0.260249 -1.277377 -0.017120 -0.184532
125.000000 0.000000 4.117954 8.669838 0.000898 0.005950 1.143936 0.753986 0.259863 -1.277135 -0.016886 -0.184885
126.000000 5.000000 4.046508 8.730859 0.001113 0.006062 1.133016 0.747396 0.255044 -1.270870 -0.015197 -0.180669
127.000000 0.000000 3.964855 8.741108 0.000764 0.006031 1.160495 0.747626 0.258714 -1.273037 -0.014667 -0.184397
128.000000 5.000000 3.872996 8.743287 0.000898 0.005823 1.159151 0.774149 0.256547 -1.269516 -0.018607 -0.182868
129.000000 0.000000 3.781137 8.802076 0.001082 0.006142 1.161092 0.767364 0.251652 -1.263510 -0.012688 -0.175840
130.000000 5.000000 3.648452 8.833739 0.000638 0.005897 1.183749 0.783644 0.260618 -1.270770 -0.016738 -0.180075
131.000000 5.000000 3.577006 8.843881 0.000931 0.005922 1.184377 0.792871 0.249743 -1.258976 -0.014773 -0.172739
132.000000 0.000000 3.525974 8.896149 0.000965 0.005915 1.184228 0.792503 0.248775 -1.258094 -0.014568 -0.172341
133.000000 5.000000 3.505560 8.950816 0.001266 0.005604 1.179760 0.784336 0.239949 -1.247936 -0.008908 -0.165746
134.000000 0.000000 3.444321 8.954492 0.001210 0.005460 1.173761 0.781376 0.239203 -1.247424 -0.009845 -0.166298
135.000000 0.000000 3.383082 8.936786 0.000651 0.005031 1.141698 0.792587 0.237767 -1.244572 -0.021174 -0.164199
136.000000 0.000000 3.260603 8.864839 0.001360 0.005151 1.174242 0.773701 0.237306 -1.243039 -0.006185 -0.165445
137.000000 0.000000 3.097298 8.727613 0.001234 0.005673 1.181350 0.812928 0.233927 -1.238840 -0.014771 -0.156806
138.000000 0.000000 2.903374 8.754329 0.000748 0.004393 1.145446 0.785282 0.217798 -1.220167 -0.018062 -0.156594
139.000000 0.000000 2.709449 8.462924 0.001221 0.004747 1.203728 0.800454 0.231300 -1.233016 -0.009566 -0.164728
140.000000 0.000000 2.525731 8.200849 0.001018 0.005032 1.174288 0.843024 0.206198 -1.206864 -0.022455 -0.141298
141.000000 0.000000 2.301187 8.173896 0.000858 0.004089 1.187082 0.779804 0.216740 -1.215408 -0.008260 -0.158806
142.000000 0.000000 2.076643 7.854615 0.001178 0.004532 1.247582 0.829393 0.222991 -1.221224 -0.008175 -0.158806
143.000000 5.000000 1.882718 7.631718 0.001077 0.004583 1.205775 0.846906 0.194593 -1.191942 -0.016378 -0.137680
144.000000 0.000000 1.801066 7.517557 0.000914 0.004337 1.218552 0.831780 0.203757 -1.200708 -0.012687 -0.146376
145.000000 5.000000 1.719413 7.405122 0.000947 0.004364 1.220822 0.837623 0.203770 -1.200669 -0.013096 -0.145814
146.000000 5.000000 1.668380 7.238997 0.000913 0.004411 1.197257 0.820388 0.190997 -1.187290 -0.010878 -0.135647
147.000000 0.000000 1.770446 7.100737 0.001467 0.004945 1.154268 0.823360 0.164201 -1.161151 -0.012005 -0.113586
148.000000 5.000000 1.831685 7.064534 0.001164 0.004830 1.166544 0.809176 0.164044 -1.161345 -0.011674 -0.116429
149.000000 0.000000 1.892925 6.772702 0.001133 0.004878 1.163456 0.800501 0.161336 -1.158467 -0.010140 -0.113946
150.000000 0.000000 1.943957 6.550824 0.001325 0.005297 1.136147 0.774142 0.142743 -1.140278 -0.003898 -0.097941
151.000000 0.000000 1.913338 6.514262 0.001611 0.005511 1.120640 0.774114 0.139629 -1.136757 -0.002225 -0.093883
152.000000 5.000000 1.872511 6.460123 0.001478 0.005566 1.125179 0.760446 0.135277 -1.132010 0.000096 -0.089579
153.000000 5.000000 1.862305 6.302239 0.001579 0.005753 1.119628 0.746835 0.130177 -1.127095 0.003967 -0.083566
154.000000 0.000000 1.923544 6.227235 0.001574 0.005746 1.123228 0.749495 0.130797 -1.127840 0.003053 -0.084297
155.000000 0.000000 1.994990 6.236238 0.001457 0.005692 1.111167 0.757093 0.132461 -1.130050 -0.003070 -0.090734
156.000000 5.000000 1.954164 6.222359 0.001475 0.005719 1.110684 0.760216 0.133848 -1.131353 -0.003974 -0.091524
157.000000 5.000000 1.984784 6.181347 0.001377 0.005666 1.107060 0.753438 0.130772 -1.128001 -0.003627 -0.090346
158.000000 0.000000 2.056229 6.182208 0.001518 0.006044 1.089638 0.742310 0.118267 -1.116294 -0.004105 -0.080009
159.000000 0.000000 2.127675 6.205868 0.001429 0.005975 1.094004 0.742336 0.117662 -1.115900 -0.005260 -0.081308
160.000000 5.000000 2.117469 6.208241 0.001429 0.005982 1.094073 0.741678 0.117396 -1.115602 -0.005107 -0.080984
161.000000 0.000000 2.127675 6.199042 0.001474 0.006019 1.093151 0.739508 0.116456 -1.114750 -0.004012 -0.079627
162.000000 0.000000 2.148088 6.226166 0.001481 0.006017 1.092704 0.739182 0.116460 -1.114723 -0.003840 -0.079612
163.000000 0.000000 2.117469 6.255505 0.001489 0.006028 1.093044 0.739076 0.116313 -1.114552 -0.003648 -0.079291
164.000000 0.000000 2.046023 6.288031 0.001306 0.005950 1.093055 0.747507 0.119230 -1.116969 -0.008870 -0.082364
165.000000 5.000000 1.923544 6.330955 0.001509 0.005800 1.090130 0.735848 0.111404 -1.108083 -0.004024 -0.081209
166.000000 5.000000 1.862305 6.356577 0.001491 0.005823 1.092376 0.737470 0.111102 -1.107682 -0.003836 -0.080557
167.000000 0.000000 1.903131 6.403072 0.001651 0.006018 1.097881 0.736665 0.109423 -1.106408 -0.002765 -0.079341
168.000000 5.000000 1.964370 6.429927 0.001441 0.005954 1.099010 0.743122 0.110097 -1.107455 -0.007667 -0.081587
169.000000 5.000000 1.984784 6.482976 0.001511 0.005850 1.097518 0.740123 0.109058 -1.106690 -0.006748 -0.083044
170.000000 5.000000 2.086849 6.516246 0.001699 0.006122 1.103627 0.744112 0.108329 -1.106409 -0.004988 -0.079762
171.000000 0.000000 2.250154 6.564058 0.001089 0.005910 1.101176 0.757007 0.102908 -1.102443 -0.021591 -0.080639
172.000000 5.000000 2.331806 6.603180 0.001116 0.005775 1.106755 0.756808 0.099011 -1.099010 -0.021036 -0.082611
173.000000 5.000000 2.403252 6.639979 0.001130 0.005798 1.107024 0.757799 0.099434 -1.099508 -0.020922 -0.082481
174.000000 5.000000 2.535938 6.676020 0.001149 0.005814 1.098945 0.746686 0.083187 -1.084774 -0.023374 -0.070244
175.000000 5.000000 2.689036 6.669930 0.001232 0.005865 1.117082 0.756132 0.078471 -1.081002 -0.024896 -0.071647
176.000000 5.000000 2.842134 6.706092 0.001270 0.005965 1.114621 0.771759 0.081937 -1.085687 -0.030617 -0.074221
177.000000 5.000000 3.015646 6.743750 0.001271 0.005917 1.116487 0.754954 0.066795 -1.072265 -0.029075 -0.069391
178.000000 0.000000 3.178951 6.706682 0.001384 0.006005 1.135926 0.772475 0.060605 -1.067187 -0.030386 -0.066217
179.000000 0.000000 3.270810 6.744041 0.001284 0.005974 1.131123 0.774305 0.063190 -1.070333 -0.032633 -0.068961
180.000000 0.000000 3.270810 6.773974 0.001280 0.005965 1.131141 0.773843 0.062904 -1.070085 -0.032489 -0.068855
181.000000 0.000000 3.189157 6.809692 0.001058 0.005805 1.121067 0.758490 0.060268 -1.065987 -0.034431 -0.070439
182.000000 5.000000 3.046265 6.814967 0.001281 0.005790 1.147288 0.772248 0.053033 -1.057159 -0.031467 -0.067171
183.000000 0.000000 2.964613 6.860708 0.001231 0.005808 1.147002 0.775864 0.051991 -1.055786 -0.031794 -0.065930
184.000000 0.000000 2.862547 6.905327 0.001194 0.005535 1.140018 0.762766 0.054756 -1.057302 -0.027524 -0.065632
185.000000 0.000000 2.760482 6.886492 0.001516 0.005807 1.155665 0.772508 0.048202 -1.049961 -0.023542 -0.058178
186.000000 0.000000 2.586970 6.938500 0.001273 0.005863 1.150727 0.781755 0.047318 -1.048109 -0.028928 -0.055821
187.000000 5.000000 2.413459 6.989286 0.001344 0.005307 1.154752 0.762876 0.036490 -1.035302 -0.024365 -0.056219
188.000000 0.000000 2.301187 6.975096 0.001344 0.005325 1.156542 0.764525 0.036279 -1.035021 -0.024175 -0.055921
189.000000 5.000000 2.229741 7.015353 0.001273 0.005207 1.147038 0.764623 0.035621 -1.033785 -0.024411 -0.053027
190.000000 5.000000 2.188915 7.056393 0.001322 0.005220 1.149836 0.759728 0.034371 -1.032190 -0.021777 -0.052256
191.000000 5.000000 2.229741 7.086640 0.001537 0.005243 1.143680 0.744955 0.031854 -1.030345 -0.019830 -0.053061
192.000000 0.000000 2.321600 7.092890 0.001524 0.005356 1.152479 0.751509 0.030846 -1.029793 -0.021587 -0.052792
193.000000 0.000000 2.372633 7.145341 0.001403 0.005209 1.148291 0.753578 0.030176 -1.029497 -0.024289 -0.054669
194.000000 0.000000 2.393046 7.193345 0.001412 0.005184 1.148665 0.750183 0.030110 -1.029653 -0.022584 -0.055160
195.000000 0.000000 2.311393 7.220575 0.001348 0.005043 1.139153 0.736046 0.033639 -1.032254 -0.023581 -0.063077
196.000000 5.000000 2.209328 7.235037 0.001458 0.005139 1.156522 0.744698 0.026901 -1.024693 -0.021186 -0.057148
197.000000 0.000000 2.148088 7.295258 0.001478 0.005148 1.156805 0.743932 0.027054 -1.024915 -0.020967 -0.057228
198.000000 5.000000 2.127675 7.342183 0.001515 0.005072 1.154065 0.738228 0.028347 -1.025789 -0.018267 -0.057299
199.000000 0.000000 2.107262 7.385426 0.001510 0.005056 1.153238 0.737701 0.028640 -1.026138 -0.018473 -0.057791
200.000000 5.000000 2.107262 7.450564 0.001521 0.005067 1.153865 0.737483 0.028474 -1.026038 -0.018296 -0.057771
201.000000 5.000000 2.117469 7.510312 0.001520 0.005068 1.153876 0.737618 0.028481 -1.026056 -0.018351 -0.057768
202.000000 5.000000 2.188915 7.578868 0.001714 0.005089 1.150644 0.733096 0.026389 -1.024603 -0.018318 -0.058097
203.000000 0.000000 2.311393 7.637925 0.001674 0.005290 1.160355 0.738025 0.024241 -1.023335 -0.021468 -0.058573
204.000000 0.000000 2.393046 7.703043 0.001511 0.005077 1.160756 0.742432 0.021285 -1.020962 -0.024522 -0.059824
205.000000 5.000000 2.403252 7.773823 0.001506 0.005084 1.160725 0.742877 0.021188 -1.020785 -0.024948 -0.059592
206.000000 5.000000 2.423665 7.833749 0.001547 0.005124 1.161354 0.744016 0.020779 -1.020531 -0.024609 -0.058177
207.000000 0.000000 2.495111 7.908143 0.001571 0.005188 1.160065 0.744280 0.019514 -1.019807 -0.027462 -0.058676
208.000000 0.000000 2.535938 7.979687 0.001497 0.005137 1.160979 0.743687 0.019201 -1.019765 -0.028528 -0.060465
209.000000 0.000000 2.515525 8.056745 0.001499 0.005164 1.160635 0.742953 0.019120 -1.019524 -0.028721 -0.060185
210.000000 0.000000 2.444079 8.132651 0.001430 0.005079 1.163490 0.745375 0.019079 -1.018770 -0.031193 -0.062403
211.000000 5.000000 2.321600 8.208068 0.001572 0.005104 1.166577 0.749362 0.015091 -1.013782 -0.030077 -0.061031
212.000000 0.000000 2.250154 8.282796 0.001485 0.005082 1.167636 0.749396 0.013634 -1.012004 -0.029545 -0.059735
213.000000 0.000000 2.199121 8.362236 0.001523 0.005019 1.168173 0.750984 0.014378 -1.012422 -0.028486 -0.059253
214.000000 0.000000 2.127675 8.429852 0.001680 0.005198 1.168755 0.751206 0.011346 -1.008964 -0.026649 -0.055257
215.000000 5.000000 2.015403 8.511748 0.001479 0.005155 1.170637 0.753122 0.011566 -1.008543 -0.029670 -0.055080
216.000000 5.000000 1.954164 8.589465 0.001429 0.004979 1.171940 0.753550 0.008584 -1.005094 -0.029141 -0.055918
217.000000 0.000000 1.984784 8.670098 0.001446 0.004952 1.170876 0.753322 0.006907 -1.003929 -0.033001 -0.057295
218.000000 5.000000 1.984784 8.748309 0.001467 0.004959 1.170210 0.753341 0.007124 -1.004038 -0.032609 -0.056432
219.000000 0.000000 2.046023 8.826569 0.001528 0.004922 1.169536 0.756698 0.010153 -1.007566 -0.032716 -0.057441
220.000000 5.000000 2.076643 8.877589 0.001543 0.004970 1.170570 0.755128 0.005216 -1.002974 -0.032038 -0.054598
221.000000 5.000000 2.127675 8.936630 0.001544 0.004970 1.170535 0.755072 0.005173 -1.002926 -0.032018 -0.054571
222.000000 5.000000 2.219534 9.010970 0.001912 0.005151 1.165796 0.754729 -0.004061 -0.994741 -0.032747 -0.050488
223.000000 0.000000 2.352220 9.083331 0.001824 0.005253 1.174289 0.756842 -0.006966 -0.992600 -0.035996 -0.050624
224.000000 5.000000 2.454285 9.158858 0.001671 0.005009 1.175620 0.764492 -0.008228 -0.992110 -0.039722 -0.054396
225.000000 0.000000 2.495111 9.240191 0.001739 0.005028 1.176113 0.763698 -0.009384 -0.991202 -0.038263 -0.053506
226.000000 0.000000 2.586970 9.326444 0.001685 0.005115 1.177794 0.766554 -0.009597 -0.991515 -0.039146 -0.051504
227.000000 0.000000 2.556351 9.412837 0.001697 0.005131 1.177864 0.766663 -0.009351 -0.991718 -0.039074 -0.051441
228.000000 5.000000 2.474698 9.491063 0.001330 0.004987 1.174309 0.764573 -0.017802 -0.981894 -0.044788 -0.047585
229.000000 0.000000 2.423665 9.568892 0.001332 0.004998 1.173877 0.764450 -0.017735 -0.982000 -0.044880 -0.047441
230.000000 0.000000 2.393046 9.652475 0.001370 0.005045 1.172995 0.765708 -0.016830 -0.982705 -0.044054 -0.046772
231.000000 0.000000 2.301187 9.706829 0.001387 0.005081 1.172533 0.758566 -0.026405 -0.972107 -0.041805 -0.035706
232.000000 0.000000 2.178708 9.764434 0.001402 0.005076 1.181105 0.766679 -0.025823 -0.972135 -0.043783 -0.037982
233.000000 0.000000 2.066436 9.845223 0.001460 0.005100 1.176636 0.769377 -0.031950 -0.965226 -0.044135 -0.034413
234.000000 0.000000 1.913338 9.936265 0.001433 0.005084 1.184340 0.765688 -0.033911 -0.962266 -0.040858 -0.031646
235.000000 0.000000 1.780652 9.974816 0.001505 0.005091 1.193402 0.778352 -0.040877 -0.954711 -0.041000 -0.025891
236.000000 0.000000 1.617348 10.068465 0.001537 0.005124 1.187696 0.777268 -0.044897 -0.949883 -0.040307 -0.023396
237.000000 0.000000 1.505075 10.142867 0.001540 0.005100 1.196688 0.778875 -0.049405 -0.944878 -0.038267 -0.019096
238.000000 0.000000 1.351977 10.224537 0.001611 0.005137 1.199297 0.789725 -0.051079 -0.942736 -0.039460 -0.017499
239.000000 5.000000 1.229498 10.291974 0.001601 0.005123 1.197290 0.783058 -0.062571 -0.930615 -0.036703 -0.009820
240.000000 0.000000 1.168259 10.373509 0.001626 0.005141 1.195893 0.782231 -0.062888 -0.930356 -0.036845 -0.009647
241.000000 0.000000 1.158053 10.465762 0.001658 0.005134 1.194493 0.782795 -0.063198 -0.929953 -0.036261 -0.008866
242.000000 0.000000 1.117226 10.555036 0.001702 0.005198 1.195180 0.781136 -0.064084 -0.928956 -0.035395 -0.007289
243.000000 0.000000 1.086607 10.636883 0.001709 0.005199 1.194997 0.780755 -0.064193 -0.928862 -0.035162 -0.007168
244.000000 0.000000 1.015161 10.729722 0.001783 0.005093 1.188274 0.775959 -0.066451 -0.926190 -0.035135 -0.009456
245.000000 5.000000 0.933508 10.810468 0.001816 0.005184 1.195001 0.777091 -0.068634 -0.923812 -0.033193 -0.006611
246.000000 5.000000 0.913095 10.910183 0.001889 0.005236 1.195541 0.775223 -0.068347 -0.924198 -0.032688 -0.006862
247.000000 5.000000 1.035574 10.974835 0.001946 0.005483 1.203941 0.789525 -0.070315 -0.922754 -0.040317 -0.005668
248.000000 0.000000 1.188672 11.061326 0.001866 0.005251 1.200884 0.789082 -0.081444 -0.912308 -0.050018 -0.011361
249.000000 0.000000 1.341771 11.152786 0.001811 0.005200 1.212319 0.791491 -0.084748 -0.909589 -0.047613 -0.013320
