0.000000 5.000000 -0.036114
0.100000 5.000000 -0.015701
0.200000 5.000000 -0.056528
0.300000 5.000000 -0.025908
0.400000 5.000000 -0.005495
0.500000 5.000000 -0.015701
0.600000 5.000000 -0.005495
0.700000 5.000000 0.004712
0.800000 5.000000 0.014918
0.900000 5.000000 0.025125
1.000000 5.000000 0.025125
1.100000 5.000000 0.045538
1.200000 5.000000 0.055745
1.300000 5.000000 0.065951
1.400000 5.000000 0.076158
1.500000 5.000000 0.106777
1.600000 5.000000 0.127190
1.700000 5.000000 0.127190
1.800000 5.000000 0.168017
1.900000 5.000000 0.168017
2.000000 5.000000 0.208843
2.100000 5.000000 0.229256
2.200000 5.000000 0.219049
2.300000 5.000000 0.280289
2.400000 5.000000 0.290495
2.500000 5.000000 0.310908
2.600000 5.000000 0.331322
2.700000 5.000000 0.351735
2.800000 5.000000 0.372148
2.900000 5.000000 0.372148
3.000000 5.000000 0.433387
3.100000 5.000000 0.453800
3.200000 5.000000 0.494626
3.300000 5.000000 0.504833
3.400000 5.000000 0.535453
3.500000 5.000000 0.566072
3.600000 5.000000 0.566072
3.700000 5.000000 0.606899
3.800000 5.000000 0.637518
3.900000 5.000000 0.678344
4.000000 5.000000 0.708964
4.100000 5.000000 0.708964
4.200000 5.000000 0.759997
4.300000 5.000000 0.800823
4.400000 5.000000 0.821236
4.500000 5.000000 0.841649
4.600000 5.000000 0.872269
4.700000 5.000000 0.902889
4.800000 5.000000 0.933508
4.900000 5.000000 0.964128
5.000000 5.000000 1.004954
5.100000 5.000000 1.025367
5.200000 5.000000 1.055987
5.300000 5.000000 1.086607
5.400000 5.000000 1.117226
5.500000 5.000000 1.147846
5.600000 5.000000 1.168259
5.700000 5.000000 1.198879
5.800000 5.000000 1.219292
5.900000 5.000000 1.260118
6.000000 5.000000 1.311151
6.100000 5.000000 1.321357
6.200000 5.000000 1.372390
6.300000 5.000000 1.372390
6.400000 5.000000 1.413216
6.500000 5.000000 1.454043
6.600000 5.000000 1.484662
6.700000 5.000000 1.494869
6.800000 5.000000 1.535695
6.900000 5.000000 1.566315
7.000000 5.000000 1.607141
7.100000 5.000000 1.617348
7.200000 5.000000 1.658174
7.300000 5.000000 1.678587
7.400000 5.000000 1.719413
7.500000 5.000000 1.750033
7.600000 5.000000 1.780652
7.700000 5.000000 1.811272
7.800000 5.000000 1.831685
7.900000 5.000000 1.882718
8.000000 5.000000 1.872511
8.100000 5.000000 1.913338
8.200000 5.000000 1.933751
8.300000 5.000000 1.994990
8.400000 5.000000 2.005197
8.500000 5.000000 2.025610
8.600000 5.000000 2.056229
8.700000 5.000000 2.076643
8.800000 5.000000 2.127675
8.900000 5.000000 2.127675
9.000000 5.000000 2.168502
9.100000 5.000000 2.199121
9.200000 5.000000 2.229741
9.300000 5.000000 2.260361
9.400000 5.000000 2.301187
9.500000 5.000000 2.311393
9.600000 5.000000 2.342013
9.700000 5.000000 2.372633
9.800000 5.000000 2.382839
9.900000 5.000000 2.433872
10.000000 5.000000 2.433872
10.100000 5.000000 2.464492
10.200000 5.000000 2.505318
10.300000 5.000000 2.525731
10.400000 5.000000 2.556351
10.500000 5.000000 2.566557
10.600000 5.000000 2.607384
10.700000 5.000000 2.627797
10.800000 5.000000 2.658416
10.900000 5.000000 2.658416
11.000000 5.000000 2.699243
11.100000 5.000000 2.719656
11.200000 5.000000 2.760482
11.300000 5.000000 2.791102
11.400000 5.000000 2.791102
11.500000 5.000000 2.791102
11.600000 5.000000 2.842134
11.700000 5.000000 2.852341
11.800000 5.000000 2.882961
11.900000 5.000000 2.903374
12.000000 5.000000 2.933993
12.100000 5.000000 2.974820
12.200000 5.000000 2.954406
12.300000 5.000000 2.995233
12.400000 5.000000 3.005439
12.500000 5.000000 3.066679
12.600000 5.000000 3.066679
12.700000 5.000000 3.107505
12.800000 5.000000 3.087092
12.900000 5.000000 3.117711
13.000000 5.000000 3.158538
13.100000 5.000000 3.178951
13.200000 5.000000 3.199364
13.300000 5.000000 3.199364
13.400000 5.000000 3.229983
13.500000 5.000000 3.260603
13.600000 5.000000 3.270810
13.700000 5.000000 3.291223
13.800000 5.000000 3.311636
13.900000 5.000000 3.332049
14.000000 5.000000 3.352462
14.100000 5.000000 3.362669
14.200000 5.000000 3.393288
14.300000 5.000000 3.403495
14.400000 5.000000 3.434115
14.500000 5.000000 3.434115
14.600000 5.000000 3.434115
14.700000 5.000000 3.485147
14.800000 5.000000 3.505560
14.900000 5.000000 3.505560
15.000000 5.000000 3.525974
15.100000 5.000000 3.556593
15.200000 5.000000 3.556593
15.300000 5.000000 3.597419
15.400000 5.000000 3.597419
15.500000 5.000000 3.617833
15.600000 5.000000 3.638246
15.700000 5.000000 3.648452
15.800000 5.000000 3.668865
15.900000 5.000000 3.679072
16.000000 5.000000 3.709692
16.100000 5.000000 3.709692
16.200000 5.000000 3.730105
16.300000 5.000000 3.740311
16.400000 5.000000 3.760724
16.500000 5.000000 3.781137
16.600000 5.000000 3.791344
16.700000 5.000000 3.801551
16.800000 5.000000 3.801551
16.900000 5.000000 3.801551
17.000000 5.000000 3.852583
17.100000 5.000000 3.862790
17.200000 5.000000 3.883203
17.300000 5.000000 3.903616
17.400000 5.000000 3.913823
17.500000 5.000000 3.913823
17.600000 5.000000 3.924029
17.700000 5.000000 3.944442
17.800000 5.000000 3.975062
17.900000 5.000000 3.975062
18.000000 5.000000 3.985269
18.100000 5.000000 3.975062
18.200000 5.000000 3.995475
18.300000 5.000000 4.036301
18.400000 5.000000 4.026095
18.500000 5.000000 4.015888
18.600000 5.000000 4.056714
18.700000 5.000000 4.077128
18.800000 5.000000 4.087334
18.900000 5.000000 4.107747
19.000000 5.000000 4.097541
19.100000 5.000000 4.107747
19.200000 5.000000 4.138367
19.300000 5.000000 4.107747
19.400000 5.000000 4.138367
19.500000 5.000000 4.158780
19.600000 5.000000 4.158780
19.700000 5.000000 4.168987
19.800000 5.000000 4.189400
19.900000 5.000000 4.189400
20.000000 5.000000 4.220019
20.100000 5.000000 4.220019
20.200000 5.000000 4.250639
20.300000 5.000000 4.240432
20.400000 5.000000 4.250639
20.500000 5.000000 4.260846
20.600000 5.000000 4.250639
20.700000 5.000000 4.281259
20.800000 5.000000 4.311878
20.900000 5.000000 4.291465
21.000000 5.000000 4.281259
21.100000 5.000000 4.322085
21.200000 5.000000 4.332291
21.300000 5.000000 4.332291
21.400000 5.000000 4.362911
21.500000 5.000000 4.352705
21.600000 5.000000 4.373118
21.700000 5.000000 4.362911
21.800000 5.000000 4.393531
21.900000 5.000000 4.383324
22.000000 5.000000 4.413944
22.100000 5.000000 4.393531
22.200000 5.000000 4.413944
22.300000 5.000000 4.424150
22.400000 5.000000 4.444564
22.500000 5.000000 4.444564
22.600000 5.000000 4.454770
22.700000 5.000000 4.464977
22.800000 5.000000 4.464977
22.900000 5.000000 4.475183
23.000000 5.000000 4.444564
23.100000 5.000000 4.505803
23.200000 5.000000 4.495596
23.300000 5.000000 4.475183
23.400000 5.000000 4.516009
23.500000 5.000000 4.516009
23.600000 5.000000 4.526216
23.700000 5.000000 4.516009
23.800000 5.000000 4.536423
23.900000 5.000000 4.536423
24.000000 5.000000 4.546629
24.100000 5.000000 4.556836
24.200000 5.000000 4.546629
24.300000 5.000000 4.556836
24.400000 5.000000 4.577249
24.500000 5.000000 4.577249
24.600000 5.000000 4.587455
24.700000 5.000000 4.597662
24.800000 5.000000 4.607868
24.900000 5.000000 4.587455
25.000000 5.000000 4.618075
25.100000 5.000000 4.628282
25.200000 5.000000 4.628282
25.300000 5.000000 4.638488
25.400000 5.000000 4.638488
25.500000 5.000000 4.628282
25.600000 5.000000 4.648695
25.700000 5.000000 4.658901
25.800000 5.000000 4.648695
25.900000 5.000000 4.658901
26.000000 5.000000 4.669108
26.100000 5.000000 4.679314
26.200000 5.000000 4.679314
26.300000 5.000000 4.679314
26.400000 5.000000 4.689521
26.500000 5.000000 4.689521
26.600000 5.000000 4.689521
26.700000 5.000000 4.699727
26.800000 5.000000 4.709934
26.900000 5.000000 4.720141
27.000000 5.000000 4.720141
27.100000 5.000000 4.709934
27.200000 5.000000 4.720141
27.300000 5.000000 4.740554
27.400000 5.000000 4.720141
27.500000 5.000000 4.750760
27.600000 5.000000 4.750760
27.700000 5.000000 4.760967
27.800000 5.000000 4.760967
27.900000 5.000000 4.771173
28.000000 5.000000 4.771173
28.100000 5.000000 4.771173
28.200000 5.000000 4.771173
28.300000 5.000000 4.771173
28.400000 5.000000 4.781380
28.500000 5.000000 4.791586
28.600000 5.000000 4.791586
28.700000 5.000000 4.801793
28.800000 5.000000 4.801793
28.900000 5.000000 4.781380
29.000000 5.000000 4.801793
29.100000 5.000000 4.801793
29.200000 5.000000 4.822206
29.300000 5.000000 4.822206
29.400000 5.000000 4.822206
29.500000 5.000000 4.822206
29.600000 5.000000 4.801793
29.700000 5.000000 4.842619
29.800000 5.000000 4.852826
29.900000 5.000000 4.842619
30.000000 5.000000 4.842619
30.100000 5.000000 4.842619
30.200000 5.000000 4.863032
30.300000 5.000000 4.852826
30.400000 5.000000 4.863032
30.500000 5.000000 4.863032
30.600000 5.000000 4.842619
30.700000 5.000000 4.863032
30.800000 5.000000 4.873239
30.900000 5.000000 4.873239
31.000000 5.000000 4.873239
31.100000 5.000000 4.873239
31.200000 5.000000 4.883445
31.300000 5.000000 4.883445
31.400000 5.000000 4.863032
31.500000 5.000000 4.883445
31.600000 5.000000 4.893652
31.700000 5.000000 4.883445
31.800000 5.000000 4.893652
31.900000 5.000000 4.883445
32.000000 5.000000 4.903859
32.100000 5.000000 4.903859
32.200000 5.000000 4.903859
32.300000 5.000000 4.903859
32.400000 5.000000 4.903859
32.500000 5.000000 4.934478
32.600000 5.000000 4.914065
32.700000 5.000000 4.924272
32.800000 5.000000 4.903859
32.900000 5.000000 4.914065
33.000000 5.000000 4.914065
33.100000 5.000000 4.924272
33.200000 5.000000 4.924272
33.300000 5.000000 4.924272
33.400000 5.000000 4.934478
33.500000 5.000000 4.924272
33.600000 5.000000 4.944685
33.700000 5.000000 4.944685
33.800000 5.000000 4.934478
33.900000 5.000000 4.954891
34.000000 5.000000 4.944685
34.100000 5.000000 4.965098
34.200000 5.000000 4.965098
34.300000 5.000000 4.934478
34.400000 5.000000 4.965098
34.500000 5.000000 4.944685
34.600000 5.000000 4.954891
34.700000 5.000000 4.965098
34.800000 5.000000 4.965098
34.900000 5.000000 4.965098
35.000000 5.000000 4.965098
35.100000 5.000000 4.965098
35.200000 5.000000 4.965098
35.300000 5.000000 4.985511
35.400000 5.000000 4.975304
35.500000 5.000000 4.975304
35.600000 5.000000 4.975304
35.700000 5.000000 4.985511
35.800000 5.000000 4.995718
35.900000 5.000000 4.985511
36.000000 5.000000 4.985511
36.100000 5.000000 4.985511
36.200000 5.000000 4.995718
36.300000 5.000000 4.975304
36.400000 5.000000 4.985511
36.500000 5.000000 4.985511
36.600000 5.000000 4.995718
36.700000 5.000000 4.995718
36.800000 5.000000 4.995718
36.900000 5.000000 5.005924
37.000000 5.000000 5.005924
37.100000 5.000000 4.995718
37.200000 5.000000 5.005924
37.300000 5.000000 5.016131
37.400000 5.000000 5.005924
37.500000 5.000000 4.985511
37.600000 5.000000 4.975304
37.700000 5.000000 5.005924
37.800000 5.000000 4.985511
37.900000 5.000000 4.985511
38.000000 5.000000 5.026337
38.100000 5.000000 5.026337
38.200000 5.000000 5.005924
38.300000 5.000000 5.016131
38.400000 5.000000 5.005924
38.500000 5.000000 5.016131
38.600000 5.000000 5.016131
38.700000 5.000000 5.036544
38.800000 5.000000 5.036544
38.900000 5.000000 4.995718
39.000000 5.000000 5.016131
39.100000 5.000000 5.026337
39.200000 5.000000 5.026337
39.300000 5.000000 5.026337
39.400000 5.000000 5.036544
39.500000 5.000000 5.005924
39.600000 5.000000 5.005924
39.700000 5.000000 5.036544
39.800000 5.000000 5.026337
39.900000 5.000000 5.046750
40.000000 5.000000 5.026337
40.100000 5.000000 5.026337
40.200000 5.000000 5.036544
40.300000 5.000000 5.036544
40.400000 5.000000 5.036544
40.500000 5.000000 5.026337
40.600000 5.000000 5.036544
40.700000 5.000000 5.026337
40.800000 5.000000 5.036544
40.900000 5.000000 5.046750
41.000000 5.000000 5.056957
41.100000 5.000000 5.036544
41.200000 5.000000 5.046750
41.300000 5.000000 5.046750
41.400000 5.000000 5.046750
41.500000 5.000000 5.056957
41.600000 5.000000 5.036544
41.700000 5.000000 5.046750
41.800000 5.000000 5.026337
41.900000 5.000000 5.046750
42.000000 5.000000 5.067163
42.100000 5.000000 5.056957
42.200000 5.000000 5.067163
42.300000 5.000000 5.046750
42.400000 5.000000 5.046750
42.500000 5.000000 5.046750
42.600000 5.000000 5.056957
42.700000 5.000000 5.056957
42.800000 5.000000 5.056957
42.900000 5.000000 5.056957
43.000000 5.000000 5.067163
43.100000 5.000000 5.067163
43.200000 5.000000 5.077370
43.300000 5.000000 5.067163
43.400000 5.000000 5.056957
43.500000 5.000000 5.087577
43.600000 5.000000 5.067163
43.700000 5.000000 5.067163
43.800000 5.000000 5.056957
43.900000 5.000000 5.067163
44.000000 5.000000 5.036544
44.100000 5.000000 5.067163
44.200000 5.000000 5.067163
44.300000 5.000000 5.087577
44.400000 5.000000 5.067163
44.500000 5.000000 5.056957
44.600000 5.000000 5.077370
44.700000 5.000000 5.056957
44.800000 5.000000 5.067163
44.900000 5.000000 5.067163
45.000000 5.000000 5.087577
45.100000 5.000000 5.077370
45.200000 5.000000 5.087577
45.300000 5.000000 5.077370
45.400000 5.000000 5.077370
45.500000 5.000000 5.087577
45.600000 5.000000 5.067163
45.700000 5.000000 5.087577
45.800000 5.000000 5.077370
45.900000 5.000000 5.056957
46.000000 5.000000 5.087577
46.100000 5.000000 5.077370
46.200000 5.000000 5.097783
46.300000 5.000000 5.087577
46.400000 5.000000 5.087577
46.500000 5.000000 5.087577
46.600000 5.000000 5.056957
46.700000 5.000000 5.067163
46.800000 5.000000 5.087577
46.900000 5.000000 5.077370
47.000000 5.000000 5.087577
47.100000 5.000000 5.046750
47.200000 5.000000 5.087577
47.300000 5.000000 5.097783
47.400000 5.000000 5.087577
47.500000 5.000000 5.077370
47.600000 5.000000 5.087577
47.700000 5.000000 5.067163
47.800000 5.000000 5.077370
47.900000 5.000000 5.107990
48.000000 5.000000 5.087577
48.100000 5.000000 5.087577
48.200000 5.000000 5.087577
48.300000 5.000000 5.087577
48.400000 5.000000 5.087577
48.500000 5.000000 5.087577
48.600000 5.000000 5.087577
48.700000 5.000000 5.087577
48.800000 5.000000 5.077370
48.900000 5.000000 5.087577
49.000000 5.000000 5.087577
49.100000 5.000000 5.087577
49.200000 5.000000 5.087577
49.300000 5.000000 5.087577
49.400000 5.000000 5.087577
49.500000 5.000000 5.077370
49.600000 5.000000 5.097783
49.700000 5.000000 5.067163
49.800000 5.000000 5.097783
49.900000 5.000000 5.097783
