0.000000 5.000000 -0.036114
0.100000 5.000000 -0.015701
0.200000 5.000000 -0.015701
0.300000 5.000000 -0.015701
0.400000 5.000000 -0.025908
0.500000 5.000000 -0.005495
0.600000 5.000000 0.004712
0.700000 5.000000 0.004712
0.800000 5.000000 0.025125
0.900000 5.000000 0.025125
1.000000 5.000000 0.035331
1.100000 5.000000 0.045538
1.200000 5.000000 0.086364
1.300000 5.000000 0.086364
1.400000 5.000000 0.096571
1.500000 5.000000 0.106777
1.600000 5.000000 0.137397
1.700000 5.000000 0.157810
1.800000 5.000000 0.188430
1.900000 5.000000 0.188430
2.000000 5.000000 0.208843
2.100000 5.000000 0.208843
2.200000 5.000000 0.249669
2.300000 5.000000 0.270082
2.400000 5.000000 0.270082
2.500000 5.000000 0.310908
2.600000 5.000000 0.341528
2.700000 5.000000 0.361941
2.800000 5.000000 0.382354
2.900000 5.000000 0.412974
3.000000 5.000000 0.453800
3.100000 5.000000 0.474213
3.200000 5.000000 0.504833
3.300000 5.000000 0.515040
3.400000 5.000000 0.535453
3.500000 5.000000 0.566072
3.600000 5.000000 0.596692
3.700000 5.000000 0.627312
3.800000 5.000000 0.668138
3.900000 5.000000 0.678344
4.000000 5.000000 0.698758
4.100000 5.000000 0.739584
4.200000 5.000000 0.759997
4.300000 5.000000 0.790617
4.400000 5.000000 0.811030
4.500000 5.000000 0.851856
4.600000 5.000000 0.882476
4.700000 5.000000 0.902889
4.800000 5.000000 0.933508
4.900000 5.000000 0.964128
5.000000 5.000000 0.994748
5.100000 5.000000 1.025367
5.200000 5.000000 1.055987
5.300000 5.000000 1.107020
5.400000 5.000000 1.127433
5.500000 5.000000 1.117226
5.600000 5.000000 1.178466
5.700000 5.000000 1.209085
5.800000 5.000000 1.229498
5.900000 5.000000 1.270325
6.000000 5.000000 1.290738
6.100000 5.000000 1.321357
6.200000 5.000000 1.362184
6.300000 5.000000 1.413216
6.400000 5.000000 1.413216
6.500000 5.000000 1.443836
6.600000 5.000000 1.494869
6.700000 5.000000 1.515282
6.800000 5.000000 1.535695
6.900000 5.000000 1.566315
7.000000 5.000000 1.607141
7.100000 5.000000 1.617348
7.200000 5.000000 1.647967
7.300000 5.000000 1.699000
7.400000 5.000000 1.719413
7.500000 5.000000 1.760239
7.600000 5.000000 1.760239
7.700000 5.000000 1.811272
7.800000 5.000000 1.841892
7.900000 5.000000 1.862305
8.000000 5.000000 1.892925
8.100000 5.000000 1.923544
8.200000 5.000000 1.954164
8.300000 5.000000 1.984784
8.400000 5.000000 2.025610
8.500000 5.000000 2.035816
8.600000 5.000000 2.066436
8.700000 5.000000 2.097056
8.800000 5.000000 2.117469
8.900000 5.000000 2.158295
9.000000 5.000000 2.178708
9.100000 5.000000 2.219534
9.200000 5.000000 2.239947
9.300000 5.000000 2.260361
9.400000 5.000000 2.301187
9.500000 5.000000 2.311393
9.600000 5.000000 2.362426
9.700000 5.000000 2.362426
9.800000 5.000000 2.393046
9.900000 5.000000 2.433872
10.000000 5.000000 2.444079
10.100000 5.000000 2.484905
10.200000 5.000000 2.505318
10.300000 5.000000 2.525731
10.400000 5.000000 2.556351
10.500000 5.000000 2.576764
10.600000 5.000000 2.597177
10.700000 5.000000 2.627797
10.800000 5.000000 2.648210
10.900000 5.000000 2.689036
11.000000 5.000000 2.709449
11.100000 5.000000 2.699243
11.200000 5.000000 2.740069
11.300000 5.000000 2.760482
11.400000 5.000000 2.791102
11.500000 5.000000 2.811515
11.600000 5.000000 2.842134
11.700000 5.000000 2.882961
11.800000 5.000000 2.893167
11.900000 5.000000 2.913580
12.000000 5.000000 2.933993
12.100000 5.000000 2.954406
12.200000 5.000000 2.985026
12.300000 5.000000 3.015646
12.400000 5.000000 3.046265
12.500000 5.000000 3.056472
12.600000 5.000000 3.056472
12.700000 5.000000 3.087092
12.800000 5.000000 3.097298
12.900000 5.000000 3.138124
13.000000 5.000000 3.168744
13.100000 5.000000 3.168744
13.200000 5.000000 3.199364
13.300000 5.000000 3.199364
13.400000 5.000000 3.240190
13.500000 5.000000 3.219777
13.600000 5.000000 3.270810
13.700000 5.000000 3.291223
13.800000 5.000000 3.321842
13.900000 5.000000 3.332049
14.000000 5.000000 3.342256
14.100000 5.000000 3.372875
14.200000 5.000000 3.393288
14.300000 5.000000 3.413701
14.400000 5.000000 3.434115
14.500000 5.000000 3.444321
14.600000 5.000000 3.454528
14.700000 5.000000 3.485147
14.800000 5.000000 3.495354
14.900000 5.000000 3.515767
15.000000 5.000000 3.546387
15.100000 5.000000 3.556593
15.200000 5.000000 3.556593
15.300000 5.000000 3.597419
15.400000 5.000000 3.607626
15.500000 5.000000 3.617833
15.600000 5.000000 3.638246
15.700000 5.000000 3.658659
15.800000 5.000000 3.658659
15.900000 5.000000 3.679072
16.000000 5.000000 3.699485
16.100000 5.000000 3.709692
16.200000 5.000000 3.740311
16.300000 5.000000 3.740311
16.400000 5.000000 3.781137
16.500000 5.000000 3.770931
16.600000 5.000000 3.801551
16.700000 5.000000 3.801551
16.800000 5.000000 3.821964
16.900000 5.000000 3.821964
17.000000 5.000000 3.852583
17.100000 5.000000 3.862790
17.200000 5.000000 3.893410
17.300000 5.000000 3.883203
17.400000 5.000000 3.883203
17.500000 5.000000 3.903616
17.600000 5.000000 3.913823
17.700000 5.000000 3.944442
17.800000 5.000000 3.954649
17.900000 5.000000 3.964855
18.000000 5.000000 3.985269
18.100000 5.000000 4.015888
18.200000 5.000000 3.985269
18.300000 5.000000 4.015888
18.400000 5.000000 4.026095
18.500000 5.000000 4.066921
18.600000 5.000000 4.077128
18.700000 5.000000 4.066921
18.800000 5.000000 4.087334
18.900000 5.000000 4.107747
19.000000 5.000000 4.107747
19.100000 5.000000 4.107747
19.200000 5.000000 4.128160
19.300000 5.000000 4.138367
19.400000 5.000000 4.117954
19.500000 5.000000 4.158780
19.600000 5.000000 4.179193
19.700000 5.000000 4.179193
19.800000 5.000000 4.209813
19.900000 5.000000 4.209813
20.000000 5.000000 4.209813
20.100000 5.000000 4.220019
20.200000 5.000000 4.230226
20.300000 5.000000 4.260846
20.400000 5.000000 4.230226
20.500000 5.000000 4.260846
20.600000 5.000000 4.260846
20.700000 5.000000 4.281259
20.800000 5.000000 4.291465
20.900000 5.000000 4.301672
21.000000 5.000000 4.281259
21.100000 5.000000 4.332291
21.200000 5.000000 4.332291
21.300000 5.000000 4.342498
21.400000 5.000000 4.342498
21.500000 5.000000 4.362911
21.600000 5.000000 4.362911
21.700000 5.000000 4.373118
21.800000 5.000000 4.383324
21.900000 5.000000 4.373118
22.000000 5.000000 4.413944
22.100000 5.000000 4.403737
22.200000 5.000000 4.434357
22.300000 5.000000 4.424150
22.400000 5.000000 4.434357
22.500000 5.000000 4.434357
22.600000 5.000000 4.464977
22.700000 5.000000 4.454770
22.800000 5.000000 4.444564
22.900000 5.000000 4.495596
23.000000 5.000000 4.464977
23.100000 5.000000 4.495596
23.200000 5.000000 4.495596
23.300000 5.000000 4.505803
23.400000 5.000000 4.516009
23.500000 5.000000 4.516009
23.600000 5.000000 4.526216
23.700000 5.000000 4.536423
23.800000 5.000000 4.516009
23.900000 5.000000 4.546629
24.000000 5.000000 4.556836
24.100000 5.000000 4.556836
24.200000 5.000000 4.577249
24.300000 5.000000 4.556836
24.400000 5.000000 4.587455
24.500000 5.000000 4.597662
24.600000 5.000000 4.587455
24.700000 5.000000 4.607868
24.800000 5.000000 4.607868
24.900000 5.000000 4.607868
25.000000 5.000000 4.607868
25.100000 5.000000 4.618075
25.200000 5.000000 4.607868
25.300000 5.000000 4.628282
25.400000 5.000000 4.648695
25.500000 5.000000 4.618075
25.600000 5.000000 4.658901
25.700000 5.000000 4.669108
25.800000 5.000000 4.658901
25.900000 5.000000 4.669108
26.000000 5.000000 4.689521
26.100000 5.000000 4.679314
26.200000 5.000000 4.679314
26.300000 5.000000 4.689521
26.400000 5.000000 4.658901
26.500000 5.000000 4.720141
26.600000 5.000000 4.709934
26.700000 5.000000 4.689521
26.800000 5.000000 4.709934
26.900000 5.000000 4.720141
27.000000 5.000000 4.689521
27.100000 5.000000 4.720141
27.200000 5.000000 4.740554
27.300000 5.000000 4.730347
27.400000 5.000000 4.740554
27.500000 5.000000 4.740554
27.600000 5.000000 4.750760
27.700000 5.000000 4.740554
27.800000 5.000000 4.750760
27.900000 5.000000 4.760967
28.000000 5.000000 4.760967
28.100000 5.000000 4.771173
28.200000 5.000000 4.750760
28.300000 5.000000 4.771173
28.400000 5.000000 4.781380
28.500000 5.000000 4.801793
28.600000 5.000000 4.781380
28.700000 5.000000 4.791586
28.800000 5.000000 4.791586
28.900000 5.000000 4.791586
29.000000 5.000000 4.781380
29.100000 5.000000 4.812000
29.200000 5.000000 4.832413
29.300000 5.000000 4.801793
29.400000 5.000000 4.822206
29.500000 5.000000 4.832413
29.600000 5.000000 4.822206
29.700000 5.000000 4.822206
29.800000 5.000000 4.822206
29.900000 5.000000 4.832413
30.000000 5.000000 4.842619
30.100000 5.000000 4.832413
30.200000 5.000000 4.842619
30.300000 5.000000 4.852826
30.400000 5.000000 4.852826
30.500000 5.000000 4.822206
30.600000 5.000000 4.842619
30.700000 5.000000 4.852826
30.800000 5.000000 4.842619
30.900000 5.000000 4.863032
31.000000 5.000000 4.873239
31.100000 5.000000 4.842619
31.200000 5.000000 4.873239
31.300000 5.000000 4.883445
31.400000 5.000000 4.863032
31.500000 5.000000 4.903859
31.600000 5.000000 4.903859
31.700000 5.000000 4.893652
31.800000 5.000000 4.893652
31.900000 5.000000 4.883445
32.000000 5.000000 4.903859
32.100000 5.000000 4.883445
32.200000 5.000000 4.914065
32.300000 5.000000 4.914065
32.400000 5.000000 4.893652
32.500000 5.000000 4.893652
32.600000 5.000000 4.883445
32.700000 5.000000 4.914065
32.800000 5.000000 4.914065
32.900000 5.000000 4.934478
33.000000 5.000000 4.924272
33.100000 5.000000 4.934478
33.200000 5.000000 4.924272
33.300000 5.000000 4.934478
33.400000 5.000000 4.934478
33.500000 5.000000 4.934478
33.600000 5.000000 4.954891
33.700000 5.000000 4.944685
33.800000 5.000000 4.924272
33.900000 5.000000 4.934478
34.000000 5.000000 4.954891
34.100000 5.000000 4.944685
34.200000 5.000000 4.944685
34.300000 5.000000 4.954891
34.400000 5.000000 4.965098
34.500000 5.000000 4.965098
34.600000 5.000000 4.954891
34.700000 5.000000 4.954891
34.800000 5.000000 4.954891
34.900000 5.000000 4.965098
35.000000 5.000000 4.965098
35.100000 5.000000 4.965098
35.200000 5.000000 4.954891
35.300000 5.000000 4.985511
35.400000 5.000000 4.965098
35.500000 5.000000 4.954891
35.600000 5.000000 4.975304
35.700000 5.000000 4.975304
35.800000 5.000000 4.985511
35.900000 5.000000 4.985511
36.000000 5.000000 4.995718
36.100000 5.000000 4.954891
36.200000 5.000000 4.995718
36.300000 5.000000 4.995718
36.400000 5.000000 4.985511
36.500000 5.000000 4.985511
36.600000 5.000000 4.965098
36.700000 5.000000 4.995718
36.800000 5.000000 4.985511
36.900000 5.000000 5.016131
37.000000 5.000000 4.995718
37.100000 5.000000 5.005924
37.200000 5.000000 4.985511
37.300000 5.000000 5.005924
37.400000 5.000000 4.995718
37.500000 5.000000 5.005924
37.600000 5.000000 4.975304
37.700000 5.000000 5.005924
37.800000 5.000000 5.026337
37.900000 5.000000 5.005924
38.000000 5.000000 4.995718
38.100000 5.000000 5.005924
38.200000 5.000000 5.005924
38.300000 5.000000 5.036544
38.400000 5.000000 4.985511
38.500000 5.000000 5.016131
38.600000 5.000000 5.026337
38.700000 5.000000 5.016131
38.800000 5.000000 5.016131
38.900000 5.000000 5.026337
39.000000 5.000000 5.026337
39.100000 5.000000 5.046750
39.200000 5.000000 5.005924
39.300000 5.000000 5.005924
39.400000 5.000000 5.026337
39.500000 5.000000 5.036544
39.600000 5.000000 5.036544
39.700000 5.000000 5.036544
39.800000 5.000000 5.005924
39.900000 5.000000 5.036544
40.000000 5.000000 5.056957
40.100000 5.000000 5.056957
40.200000 5.000000 5.036544
40.300000 5.000000 5.046750
40.400000 5.000000 5.056957
40.500000 5.000000 5.056957
40.600000 5.000000 5.046750
40.700000 5.000000 5.046750
40.800000 5.000000 5.046750
40.900000 5.000000 5.016131
41.000000 5.000000 5.056957
41.100000 5.000000 5.036544
41.200000 5.000000 5.067163
41.300000 5.000000 5.046750
41.400000 5.000000 5.056957
41.500000 5.000000 5.046750
41.600000 5.000000 5.046750
41.700000 5.000000 5.056957
41.800000 5.000000 5.067163
41.900000 5.000000 5.067163
42.000000 5.000000 5.046750
42.100000 5.000000 5.056957
42.200000 5.000000 5.046750
42.300000 5.000000 5.077370
42.400000 5.000000 5.056957
42.500000 5.000000 5.067163
42.600000 5.000000 5.056957
42.700000 5.000000 5.056957
42.800000 5.000000 5.067163
42.900000 5.000000 5.067163
43.000000 5.000000 5.056957
43.100000 5.000000 5.046750
43.200000 5.000000 5.067163
43.300000 5.000000 5.077370
43.400000 5.000000 5.067163
43.500000 5.000000 5.067163
43.600000 5.000000 5.087577
43.700000 5.000000 5.056957
43.800000 5.000000 5.067163
43.900000 5.000000 5.046750
44.000000 5.000000 5.067163
44.100000 5.000000 5.077370
44.200000 5.000000 5.067163
44.300000 5.000000 5.077370
44.400000 5.000000 5.067163
44.500000 5.000000 5.087577
44.600000 5.000000 5.067163
44.700000 5.000000 5.077370
44.800000 5.000000 5.067163
44.900000 5.000000 5.077370
45.000000 5.000000 5.067163
45.100000 5.000000 5.077370
45.200000 5.000000 5.087577
45.300000 5.000000 5.067163
45.400000 5.000000 5.077370
45.500000 5.000000 5.046750
45.600000 5.000000 5.067163
45.700000 5.000000 5.077370
45.800000 5.000000 5.077370
45.900000 5.000000 5.087577
46.000000 5.000000 5.046750
46.100000 5.000000 5.087577
46.200000 5.000000 5.087577
46.300000 5.000000 5.087577
46.400000 5.000000 5.077370
46.500000 5.000000 5.056957
46.600000 5.000000 5.087577
46.700000 5.000000 5.077370
46.800000 5.000000 5.077370
46.900000 5.000000 5.067163
47.000000 5.000000 5.087577
47.100000 5.000000 5.077370
47.200000 5.000000 5.087577
47.300000 5.000000 5.087577
47.400000 5.000000 5.077370
47.500000 5.000000 5.087577
47.600000 5.000000 5.087577
47.700000 5.000000 5.087577
47.800000 5.000000 5.087577
47.900000 5.000000 5.087577
48.000000 5.000000 5.067163
48.100000 5.000000 5.097783
48.200000 5.000000 5.077370
48.300000 5.000000 5.067163
48.400000 5.000000 5.077370
48.500000 5.000000 5.087577
48.600000 5.000000 5.067163
48.700000 5.000000 5.087577
48.800000 5.000000 5.087577
48.900000 5.000000 5.087577
49.000000 5.000000 5.087577
49.100000 5.000000 5.107990
49.200000 5.000000 5.087577
49.300000 5.000000 5.087577
49.400000 5.000000 5.077370
49.500000 5.000000 5.087577
49.600000 5.000000 5.087577
49.700000 5.000000 5.087577
49.800000 5.000000 5.087577
49.900000 5.000000 5.107990
