0.000000 5.000000 -0.036114
0.100000 5.000000 -0.025908
0.200000 5.000000 -0.025908
0.300000 5.000000 -0.005495
0.400000 5.000000 -0.025908
0.500000 5.000000 -0.015701
0.600000 5.000000 -0.005495
0.700000 5.000000 0.004712
0.800000 5.000000 0.025125
0.900000 5.000000 0.025125
1.000000 5.000000 0.045538
1.100000 5.000000 0.045538
1.200000 5.000000 0.035331
1.300000 5.000000 0.065951
1.400000 5.000000 0.086364
1.500000 5.000000 0.096571
1.600000 5.000000 0.127190
1.700000 5.000000 0.127190
1.800000 5.000000 0.157810
1.900000 5.000000 0.178223
2.000000 5.000000 0.219049
2.100000 5.000000 0.219049
2.200000 5.000000 0.239463
2.300000 5.000000 0.270082
2.400000 5.000000 0.290495
2.500000 5.000000 0.310908
2.600000 5.000000 0.331322
2.700000 5.000000 0.351735
2.800000 5.000000 0.382354
2.900000 5.000000 0.361941
3.000000 5.000000 0.423181
3.100000 5.000000 0.453800
3.200000 5.000000 0.484420
3.300000 5.000000 0.494626
3.400000 5.000000 0.535453
3.500000 5.000000 0.545659
3.600000 5.000000 0.586485
3.700000 5.000000 0.606899
3.800000 5.000000 0.627312
3.900000 5.000000 0.668138
4.000000 5.000000 0.708964
4.100000 5.000000 0.729377
4.200000 5.000000 0.759997
4.300000 5.000000 0.759997
4.400000 5.000000 0.800823
4.500000 5.000000 0.851856
4.600000 5.000000 0.872269
4.700000 5.000000 0.882476
4.800000 5.000000 0.923302
4.900000 5.000000 0.984541
5.000000 5.000000 0.964128
5.100000 5.000000 1.015161
5.200000 5.000000 1.055987
5.300000 5.000000 1.096813
5.400000 5.000000 1.096813
5.500000 5.000000 1.137639
5.600000 5.000000 1.168259
5.700000 5.000000 1.188672
5.800000 5.000000 1.249912
5.900000 5.000000 1.270325
6.000000 5.000000 1.290738
6.100000 5.000000 1.321357
6.200000 5.000000 1.341771
6.300000 5.000000 1.392803
6.400000 5.000000 1.403010
6.500000 5.000000 1.464249
6.600000 5.000000 1.474456
6.700000 5.000000 1.494869
6.800000 5.000000 1.556108
6.900000 5.000000 1.566315
7.000000 5.000000 1.586728
7.100000 5.000000 1.637761
7.200000 5.000000 1.658174
7.300000 5.000000 1.699000
7.400000 5.000000 1.688793
7.500000 5.000000 1.750033
7.600000 5.000000 1.780652
7.700000 5.000000 1.801066
7.800000 5.000000 1.821479
7.900000 5.000000 1.831685
8.000000 5.000000 1.882718
8.100000 5.000000 1.923544
8.200000 5.000000 1.933751
8.300000 5.000000 1.974577
8.400000 5.000000 2.005197
8.500000 5.000000 2.015403
8.600000 5.000000 2.076643
8.700000 5.000000 2.086849
8.800000 5.000000 2.117469
8.900000 5.000000 2.127675
9.000000 5.000000 2.178708
9.100000 5.000000 2.188915
9.200000 5.000000 2.229741
9.300000 5.000000 2.250154
9.400000 5.000000 2.270567
9.500000 5.000000 2.321600
9.600000 5.000000 2.352220
9.700000 5.000000 2.352220
9.800000 5.000000 2.382839
9.900000 5.000000 2.393046
10.000000 5.000000 2.454285
10.100000 5.000000 2.464492
10.200000 5.000000 2.495111
10.300000 5.000000 2.525731
10.400000 5.000000 2.546144
10.500000 5.000000 2.576764
10.600000 5.000000 2.597177
10.700000 5.000000 2.627797
10.800000 5.000000 2.648210
10.900000 5.000000 2.668623
11.000000 5.000000 2.678829
11.100000 5.000000 2.699243
11.200000 5.000000 2.750275
11.300000 5.000000 2.780895
11.400000 5.000000 2.791102
11.500000 5.000000 2.801308
11.600000 5.000000 2.862547
11.700000 5.000000 2.872754
11.800000 5.000000 2.872754
11.900000 5.000000 2.903374
12.000000 5.000000 2.944200
12.100000 5.000000 2.954406
12.200000 5.000000 2.985026
12.300000 5.000000 3.005439
12.400000 5.000000 3.025852
12.500000 5.000000 3.046265
12.600000 5.000000 3.056472
12.700000 5.000000 3.087092
12.800000 5.000000 3.117711
12.900000 5.000000 3.127918
13.000000 5.000000 3.148331
13.100000 5.000000 3.138124
13.200000 5.000000 3.209570
13.300000 5.000000 3.219777
13.400000 5.000000 3.209570
13.500000 5.000000 3.250397
13.600000 5.000000 3.270810
13.700000 5.000000 3.281016
13.800000 5.000000 3.311636
13.900000 5.000000 3.342256
14.000000 5.000000 3.362669
14.100000 5.000000 3.372875
14.200000 5.000000 3.403495
14.300000 5.000000 3.393288
14.400000 5.000000 3.403495
14.500000 5.000000 3.413701
14.600000 5.000000 3.464734
14.700000 5.000000 3.495354
14.800000 5.000000 3.495354
14.900000 5.000000 3.515767
15.000000 5.000000 3.495354
15.100000 5.000000 3.536180
15.200000 5.000000 3.587213
15.300000 5.000000 3.577006
15.400000 5.000000 3.587213
15.500000 5.000000 3.628039
15.600000 5.000000 3.617833
15.700000 5.000000 3.648452
15.800000 5.000000 3.648452
15.900000 5.000000 3.699485
16.000000 5.000000 3.699485
16.100000 5.000000 3.730105
16.200000 5.000000 3.730105
16.300000 5.000000 3.740311
16.400000 5.000000 3.760724
16.500000 5.000000 3.781137
16.600000 5.000000 3.781137
16.700000 5.000000 3.811757
16.800000 5.000000 3.811757
16.900000 5.000000 3.821964
17.000000 5.000000 3.862790
17.100000 5.000000 3.862790
17.200000 5.000000 3.872996
17.300000 5.000000 3.893410
17.400000 5.000000 3.903616
17.500000 5.000000 3.913823
17.600000 5.000000 3.924029
17.700000 5.000000 3.944442
17.800000 5.000000 3.954649
17.900000 5.000000 3.985269
18.000000 5.000000 3.985269
18.100000 5.000000 4.015888
18.200000 5.000000 4.015888
18.300000 5.000000 4.026095
18.400000 5.000000 4.036301
18.500000 5.000000 4.066921
18.600000 5.000000 4.077128
18.700000 5.000000 4.066921
18.800000 5.000000 4.087334
18.900000 5.000000 4.087334
19.000000 5.000000 4.107747
19.100000 5.000000 4.117954
19.200000 5.000000 4.107747
19.300000 5.000000 4.107747
19.400000 5.000000 4.148573
19.500000 5.000000 4.148573
19.600000 5.000000 4.158780
19.700000 5.000000 4.199606
19.800000 5.000000 4.189400
19.900000 5.000000 4.209813
20.000000 5.000000 4.220019
20.100000 5.000000 4.230226
20.200000 5.000000 4.230226
20.300000 5.000000 4.260846
20.400000 5.000000 4.250639
20.500000 5.000000 4.271052
20.600000 5.000000 4.271052
20.700000 5.000000 4.271052
20.800000 5.000000 4.301672
20.900000 5.000000 4.301672
21.000000 5.000000 4.311878
21.100000 5.000000 4.291465
21.200000 5.000000 4.311878
21.300000 5.000000 4.332291
21.400000 5.000000 4.352705
21.500000 5.000000 4.332291
21.600000 5.000000 4.362911
21.700000 5.000000 4.373118
21.800000 5.000000 4.383324
21.900000 5.000000 4.413944
22.000000 5.000000 4.383324
22.100000 5.000000 4.403737
22.200000 5.000000 4.424150
22.300000 5.000000 4.434357
22.400000 5.000000 4.424150
22.500000 5.000000 4.434357
22.600000 5.000000 4.454770
22.700000 5.000000 4.475183
22.800000 5.000000 4.464977
22.900000 5.000000 4.464977
23.000000 5.000000 4.485390
23.100000 5.000000 4.485390
23.200000 5.000000 4.485390
23.300000 5.000000 4.485390
23.400000 5.000000 4.516009
23.500000 5.000000 4.526216
23.600000 5.000000 4.505803
23.700000 5.000000 4.516009
23.800000 5.000000 4.526216
23.900000 5.000000 4.536423
24.000000 5.000000 4.556836
24.100000 5.000000 4.577249
24.200000 5.000000 4.556836
24.300000 5.000000 4.577249
24.400000 5.000000 4.577249
24.500000 5.000000 4.587455
24.600000 5.000000 4.607868
24.700000 5.000000 4.597662
24.800000 5.000000 4.597662
24.900000 5.000000 4.597662
25.000000 5.000000 4.597662
25.100000 5.000000 4.597662
25.200000 5.000000 4.618075
25.300000 5.000000 4.628282
25.400000 5.000000 4.638488
25.500000 5.000000 4.628282
25.600000 5.000000 4.638488
25.700000 5.000000 4.658901
25.800000 5.000000 4.648695
25.900000 5.000000 4.638488
26.000000 5.000000 4.638488
26.100000 5.000000 4.679314
26.200000 5.000000 4.679314
26.300000 5.000000 4.679314
26.400000 5.000000 4.709934
26.500000 5.000000 4.699727
26.600000 5.000000 4.699727
26.700000 5.000000 4.699727
26.800000 5.000000 4.709934
26.900000 5.000000 4.720141
27.000000 5.000000 4.720141
27.100000 5.000000 4.730347
27.200000 5.000000 4.730347
27.300000 5.000000 4.730347
27.400000 5.000000 4.730347
27.500000 5.000000 4.750760
27.600000 5.000000 4.750760
27.700000 5.000000 4.760967
27.800000 5.000000 4.760967
27.900000 5.000000 4.760967
28.000000 5.000000 4.771173
28.100000 5.000000 4.771173
28.200000 5.000000 4.781380
28.300000 5.000000 4.760967
28.400000 5.000000 4.781380
28.500000 5.000000 4.760967
28.600000 5.000000 4.801793
28.700000 5.000000 4.812000
28.800000 5.000000 4.781380
28.900000 5.000000 4.812000
29.000000 5.000000 4.801793
29.100000 5.000000 4.771173
29.200000 5.000000 4.812000
29.300000 5.000000 4.812000
29.400000 5.000000 4.812000
29.500000 5.000000 4.812000
29.600000 5.000000 4.832413
29.700000 5.000000 4.822206
29.800000 5.000000 4.832413
29.900000 5.000000 4.801793
30.000000 5.000000 4.842619
30.100000 5.000000 4.842619
30.200000 5.000000 4.842619
30.300000 5.000000 4.832413
30.400000 5.000000 4.852826
30.500000 5.000000 4.852826
30.600000 5.000000 4.852826
30.700000 5.000000 4.883445
30.800000 5.000000 4.863032
30.900000 5.000000 4.863032
31.000000 5.000000 4.863032
31.100000 5.000000 4.852826
31.200000 5.000000 4.893652
31.300000 5.000000 4.873239
31.400000 5.000000 4.863032
31.500000 5.000000 4.893652
31.600000 5.000000 4.893652
31.700000 5.000000 4.883445
31.800000 5.000000 4.893652
31.900000 5.000000 4.883445
32.000000 5.000000 4.914065
32.100000 5.000000 4.914065
32.200000 5.000000 4.903859
32.300000 5.000000 4.903859
32.400000 5.000000 4.903859
32.500000 5.000000 4.903859
32.600000 5.000000 4.934478
32.700000 5.000000 4.914065
32.800000 5.000000 4.903859
32.900000 5.000000 4.934478
33.000000 5.000000 4.934478
33.100000 5.000000 4.924272
33.200000 5.000000 4.934478
33.300000 5.000000 4.944685
33.400000 5.000000 4.934478
33.500000 5.000000 4.954891
33.600000 5.000000 4.934478
33.700000 5.000000 4.924272
33.800000 5.000000 4.934478
33.900000 5.000000 4.944685
34.000000 5.000000 4.944685
34.100000 5.000000 4.954891
34.200000 5.000000 4.944685
34.300000 5.000000 4.954891
34.400000 5.000000 4.965098
34.500000 5.000000 4.965098
34.600000 5.000000 4.954891
34.700000 5.000000 4.944685
34.800000 5.000000 4.954891
34.900000 5.000000 4.954891
35.000000 5.000000 4.944685
35.100000 5.000000 4.975304
35.200000 5.000000 4.975304
35.300000 5.000000 4.965098
35.400000 5.000000 4.954891
35.500000 5.000000 4.954891
35.600000 5.000000 4.975304
35.700000 5.000000 4.975304
35.800000 5.000000 4.975304
35.900000 5.000000 4.965098
36.000000 5.000000 4.965098
36.100000 5.000000 5.005924
36.200000 5.000000 4.995718
36.300000 5.000000 5.005924
36.400000 5.000000 4.985511
36.500000 5.000000 4.995718
36.600000 5.000000 4.995718
36.700000 5.000000 5.005924
36.800000 5.000000 5.005924
36.900000 5.000000 4.995718
37.000000 5.000000 4.995718
37.100000 5.000000 4.995718
37.200000 5.000000 4.985511
37.300000 5.000000 5.005924
37.400000 5.000000 5.005924
37.500000 5.000000 4.995718
37.600000 5.000000 4.995718
37.700000 5.000000 5.005924
37.800000 5.000000 5.005924
37.900000 5.000000 5.005924
38.000000 5.000000 5.005924
38.100000 5.000000 5.016131
38.200000 5.000000 5.016131
38.300000 5.000000 4.995718
38.400000 5.000000 5.005924
38.500000 5.000000 5.016131
38.600000 5.000000 5.016131
38.700000 5.000000 5.026337
38.800000 5.000000 4.995718
38.900000 5.000000 5.005924
39.000000 5.000000 5.026337
39.100000 5.000000 5.046750
39.200000 5.000000 5.026337
39.300000 5.000000 5.036544
39.400000 5.000000 5.005924
39.500000 5.000000 5.036544
39.600000 5.000000 5.036544
39.700000 5.000000 5.046750
39.800000 5.000000 5.046750
39.900000 5.000000 5.026337
40.000000 5.000000 5.016131
40.100000 5.000000 5.046750
40.200000 5.000000 5.036544
40.300000 5.000000 5.036544
40.400000 5.000000 5.016131
40.500000 5.000000 5.026337
40.600000 5.000000 5.046750
40.700000 5.000000 5.046750
40.800000 5.000000 5.046750
40.900000 5.000000 5.046750
41.000000 5.000000 5.046750
41.100000 5.000000 5.046750
41.200000 5.000000 5.046750
41.300000 5.000000 5.046750
41.400000 5.000000 5.067163
41.500000 5.000000 5.046750
41.600000 5.000000 5.046750
41.700000 5.000000 5.046750
41.800000 5.000000 5.067163
41.900000 5.000000 5.036544
42.000000 5.000000 5.046750
42.100000 5.000000 5.046750
42.200000 5.000000 5.056957
42.300000 5.000000 5.046750
42.400000 5.000000 5.067163
42.500000 5.000000 5.046750
42.600000 5.000000 5.067163
42.700000 5.000000 5.067163
42.800000 5.000000 5.067163
42.900000 5.000000 5.077370
43.000000 5.000000 5.046750
43.100000 5.000000 5.056957
43.200000 5.000000 5.067163
43.300000 5.000000 5.067163
43.400000 5.000000 5.077370
43.500000 5.000000 5.077370
43.600000 5.000000 5.067163
43.700000 5.000000 5.046750
43.800000 5.000000 5.067163
43.900000 5.000000 5.056957
44.000000 5.000000 5.067163
44.100000 5.000000 5.067163
44.200000 5.000000 5.067163
44.300000 5.000000 5.077370
44.400000 5.000000 5.077370
44.500000 5.000000 5.087577
44.600000 5.000000 5.077370
44.700000 5.000000 5.067163
44.800000 5.000000 5.077370
44.900000 5.000000 5.067163
45.000000 5.000000 5.087577
45.100000 5.000000 5.087577
45.200000 5.000000 5.077370
45.300000 5.000000 5.077370
45.400000 5.000000 5.087577
45.500000 5.000000 5.077370
45.600000 5.000000 5.077370
45.700000 5.000000 5.077370
45.800000 5.000000 5.077370
45.900000 5.000000 5.077370
46.000000 5.000000 5.087577
46.100000 5.000000 5.087577
46.200000 5.000000 5.077370
46.300000 5.000000 5.056957
46.400000 5.000000 5.077370
46.500000 5.000000 5.067163
46.600000 5.000000 5.097783
46.700000 5.000000 5.077370
46.800000 5.000000 5.077370
46.900000 5.000000 5.087577
47.000000 5.000000 5.087577
47.100000 5.000000 5.067163
47.200000 5.000000 5.097783
47.300000 5.000000 5.067163
47.400000 5.000000 5.107990
47.500000 5.000000 5.087577
47.600000 5.000000 5.077370
47.700000 5.000000 5.087577
47.800000 5.000000 5.087577
47.900000 5.000000 5.087577
48.000000 5.000000 5.087577
48.100000 5.000000 5.097783
48.200000 5.000000 5.087577
48.300000 5.000000 5.107990
48.400000 5.000000 5.087577
48.500000 5.000000 5.107990
48.600000 5.000000 5.056957
48.700000 5.000000 5.097783
48.800000 5.000000 5.087577
48.900000 5.000000 5.077370
49.000000 5.000000 5.087577
49.100000 5.000000 5.087577
49.200000 5.000000 5.107990
49.300000 5.000000 5.077370
49.400000 5.000000 5.097783
49.500000 5.000000 5.077370
49.600000 5.000000 5.087577
49.700000 5.000000 5.087577
49.800000 5.000000 5.107990
49.900000 5.000000 5.087577
