0.000000 5.000000 -0.025908
1.000000 5.000000 0.035331
2.000000 0.000000 0.188430
3.000000 5.000000 0.361941
4.000000 5.000000 0.525246
5.000000 0.000000 0.770203
6.000000 0.000000 0.964128
7.000000 5.000000 1.066194
8.000000 5.000000 1.178466
9.000000 5.000000 1.372390
10.000000 0.000000 1.566315
11.000000 5.000000 1.750033
12.000000 5.000000 1.892925
13.000000 0.000000 2.066436
14.000000 5.000000 2.199121
15.000000 0.000000 2.280774
16.000000 0.000000 2.382839
17.000000 5.000000 2.372633
18.000000 5.000000 2.382839
19.000000 5.000000 2.444079
20.000000 5.000000 2.576764
21.000000 0.000000 2.678829
22.000000 5.000000 2.780895
23.000000 5.000000 2.852341
24.000000 5.000000 2.944200
25.000000 5.000000 3.066679
26.000000 5.000000 3.189157
27.000000 0.000000 3.321842
28.000000 5.000000 3.423908
29.000000 0.000000 3.434115
30.000000 5.000000 3.434115
31.000000 0.000000 3.434115
32.000000 0.000000 3.393288
33.000000 0.000000 3.281016
34.000000 0.000000 3.138124
35.000000 5.000000 2.964613
36.000000 5.000000 2.831928
37.000000 0.000000 2.780895
38.000000 5.000000 2.740069
39.000000 0.000000 2.729862
40.000000 0.000000 2.678829
41.000000 0.000000 2.607384
42.000000 5.000000 2.454285
43.000000 5.000000 2.403252
44.000000 0.000000 2.413459
45.000000 0.000000 2.403252
46.000000 0.000000 2.362426
47.000000 5.000000 2.270567
48.000000 5.000000 2.219534
49.000000 5.000000 2.250154
50.000000 0.000000 2.331806
51.000000 5.000000 2.382839
52.000000 0.000000 2.444079
53.000000 0.000000 2.464492
54.000000 0.000000 2.433872
55.000000 5.000000 2.362426
56.000000 0.000000 2.311393
57.000000 5.000000 2.280774
58.000000 0.000000 2.280774
59.000000 5.000000 2.260361
60.000000 0.000000 2.260361
61.000000 5.000000 2.270567
62.000000 5.000000 2.290980
63.000000 5.000000 2.382839
64.000000 5.000000 2.495111
65.000000 5.000000 2.617590
66.000000 0.000000 2.780895
67.000000 0.000000 2.882961
68.000000 0.000000 2.893167
69.000000 5.000000 2.831928
70.000000 0.000000 2.780895
71.000000 5.000000 2.740069
72.000000 0.000000 2.699243
73.000000 5.000000 2.689036
74.000000 0.000000 2.658416
75.000000 0.000000 2.617590
76.000000 0.000000 2.556351
77.000000 5.000000 2.444079
78.000000 0.000000 2.372633
79.000000 0.000000 2.311393
80.000000 5.000000 2.219534
81.000000 5.000000 2.168502
82.000000 5.000000 2.199121
83.000000 5.000000 2.260361
84.000000 0.000000 2.413459
85.000000 5.000000 2.515525
86.000000 5.000000 2.576764
87.000000 0.000000 2.678829
88.000000 5.000000 2.770688
89.000000 0.000000 2.791102
90.000000 0.000000 2.831928
91.000000 5.000000 2.770688
92.000000 5.000000 2.740069
93.000000 5.000000 2.770688
94.000000 0.000000 2.852341
95.000000 5.000000 2.882961
96.000000 0.000000 2.923787
97.000000 0.000000 2.913580
98.000000 0.000000 2.852341
99.000000 0.000000 2.719656
100.000000 5.000000 2.607384
101.000000 0.000000 2.505318
102.000000 5.000000 2.433872
103.000000 0.000000 2.393046
104.000000 5.000000 2.342013
105.000000 0.000000 2.331806
106.000000 5.000000 2.331806
107.000000 5.000000 2.311393
108.000000 5.000000 2.393046
109.000000 0.000000 2.515525
110.000000 0.000000 2.586970
111.000000 0.000000 2.546144
112.000000 5.000000 2.484905
113.000000 0.000000 2.464492
114.000000 5.000000 2.433872
115.000000 5.000000 2.413459
116.000000 5.000000 2.464492
117.000000 0.000000 2.566557
118.000000 0.000000 2.638003
119.000000 0.000000 2.607384
120.000000 5.000000 2.546144
121.000000 5.000000 2.495111
122.000000 5.000000 2.515525
123.000000 0.000000 2.597177
124.000000 0.000000 2.648210
125.000000 0.000000 2.627797
126.000000 5.000000 2.535938
127.000000 0.000000 2.484905
128.000000 5.000000 2.454285
129.000000 0.000000 2.433872
130.000000 0.000000 2.403252
131.000000 0.000000 2.342013
132.000000 0.000000 2.239947
133.000000 5.000000 2.097056
134.000000 5.000000 2.035816
135.000000 5.000000 2.046023
136.000000 0.000000 2.137882
137.000000 5.000000 2.209328
138.000000 5.000000 2.260361
139.000000 0.000000 2.372633
140.000000 5.000000 2.433872
141.000000 0.000000 2.495111
142.000000 0.000000 2.556351
143.000000 0.000000 2.505318
144.000000 0.000000 2.433872
145.000000 0.000000 2.301187
146.000000 0.000000 2.178708
147.000000 0.000000 2.035816
148.000000 0.000000 1.862305
149.000000 5.000000 1.729620
150.000000 5.000000 1.658174
151.000000 0.000000 1.647967
152.000000 0.000000 1.688793
153.000000 0.000000 1.678587
154.000000 5.000000 1.627554
155.000000 0.000000 1.617348
156.000000 0.000000 1.617348
157.000000 5.000000 1.596934
158.000000 0.000000 1.596934
159.000000 0.000000 1.607141
160.000000 0.000000 1.596934
161.000000 0.000000 1.535695
162.000000 0.000000 1.443836
163.000000 5.000000 1.372390
164.000000 5.000000 1.362184
165.000000 5.000000 1.413216
166.000000 0.000000 1.556108
167.000000 0.000000 1.647967
168.000000 0.000000 1.699000
169.000000 5.000000 1.678587
170.000000 0.000000 1.719413
171.000000 0.000000 1.719413
172.000000 0.000000 1.699000
173.000000 5.000000 1.658174
174.000000 5.000000 1.637761
175.000000 5.000000 1.668380
176.000000 0.000000 1.831685
177.000000 5.000000 1.943957
178.000000 0.000000 2.025610
179.000000 5.000000 2.117469
180.000000 0.000000 2.168502
181.000000 5.000000 2.229741
182.000000 0.000000 2.260361
183.000000 0.000000 2.280774
184.000000 5.000000 2.270567
185.000000 5.000000 2.270567
186.000000 0.000000 2.331806
187.000000 5.000000 2.382839
188.000000 5.000000 2.393046
189.000000 0.000000 2.484905
190.000000 0.000000 2.556351
191.000000 0.000000 2.535938
192.000000 0.000000 2.444079
193.000000 5.000000 2.362426
194.000000 5.000000 2.280774
195.000000 5.000000 2.301187
196.000000 5.000000 2.382839
197.000000 5.000000 2.495111
198.000000 0.000000 2.617590
199.000000 5.000000 2.740069
200.000000 5.000000 2.811515
201.000000 0.000000 2.903374
202.000000 5.000000 2.964613
203.000000 5.000000 2.974820
204.000000 5.000000 3.076885
205.000000 5.000000 3.189157
206.000000 5.000000 3.291223
207.000000 0.000000 3.434115
208.000000 0.000000 3.485147
209.000000 0.000000 3.444321
210.000000 0.000000 3.342256
211.000000 5.000000 3.168744
212.000000 0.000000 3.066679
213.000000 0.000000 2.964613
214.000000 0.000000 2.842134
215.000000 0.000000 2.658416
216.000000 0.000000 2.484905
217.000000 0.000000 2.301187
218.000000 5.000000 2.117469
219.000000 0.000000 1.984784
220.000000 0.000000 1.923544
221.000000 5.000000 1.811272
222.000000 5.000000 1.770446
223.000000 0.000000 1.811272
224.000000 0.000000 1.852098
225.000000 0.000000 1.852098
226.000000 0.000000 1.801066
227.000000 5.000000 1.719413
228.000000 0.000000 1.658174
229.000000 5.000000 1.678587
230.000000 5.000000 1.678587
231.000000 0.000000 1.801066
232.000000 0.000000 1.852098
233.000000 0.000000 1.852098
234.000000 0.000000 1.862305
235.000000 0.000000 1.760239
236.000000 5.000000 1.699000
237.000000 0.000000 1.637761
238.000000 0.000000 1.617348
239.000000 5.000000 1.586728
240.000000 0.000000 1.576521
241.000000 5.000000 1.617348
242.000000 5.000000 1.617348
243.000000 0.000000 1.729620
244.000000 5.000000 1.821479
245.000000 0.000000 1.872511
246.000000 0.000000 1.974577
247.000000 5.000000 1.994990
248.000000 5.000000 1.994990
249.000000 5.000000 2.086849
250.000000 0.000000 2.219534
251.000000 0.000000 2.301187
252.000000 5.000000 2.311393
253.000000 5.000000 2.352220
254.000000 0.000000 2.433872
255.000000 0.000000 2.474698
256.000000 5.000000 2.433872
257.000000 0.000000 2.433872
258.000000 5.000000 2.433872
259.000000 5.000000 2.403252
260.000000 5.000000 2.495111
261.000000 0.000000 2.627797
262.000000 0.000000 2.678829
263.000000 0.000000 2.658416
264.000000 5.000000 2.597177
265.000000 0.000000 2.535938
266.000000 5.000000 2.505318
267.000000 0.000000 2.484905
268.000000 5.000000 2.474698
269.000000 5.000000 2.454285
270.000000 5.000000 2.515525
271.000000 5.000000 2.607384
272.000000 5.000000 2.740069
273.000000 0.000000 2.872754
274.000000 5.000000 2.985026
275.000000 0.000000 3.025852
276.000000 0.000000 3.076885
277.000000 5.000000 3.005439
278.000000 5.000000 2.964613
279.000000 0.000000 2.995233
280.000000 5.000000 2.995233
281.000000 5.000000 2.985026
282.000000 5.000000 3.025852
283.000000 5.000000 3.087092
284.000000 5.000000 3.189157
285.000000 5.000000 3.332049
286.000000 0.000000 3.434115
287.000000 0.000000 3.505560
288.000000 5.000000 3.454528
289.000000 0.000000 3.423908
290.000000 0.000000 3.352462
291.000000 0.000000 3.260603
292.000000 5.000000 3.066679
293.000000 5.000000 2.974820
294.000000 5.000000 2.933993
295.000000 0.000000 2.954406
296.000000 0.000000 2.964613
297.000000 5.000000 2.893167
298.000000 0.000000 2.852341
299.000000 0.000000 2.791102
300.000000 5.000000 2.699243
301.000000 0.000000 2.627797
302.000000 5.000000 2.556351
303.000000 5.000000 2.546144
304.000000 5.000000 2.586970
305.000000 0.000000 2.638003
306.000000 5.000000 2.709449
307.000000 5.000000 2.750275
308.000000 5.000000 2.801308
309.000000 5.000000 2.933993
310.000000 5.000000 3.066679
311.000000 0.000000 3.178951
312.000000 0.000000 3.281016
313.000000 5.000000 3.281016
314.000000 0.000000 3.240190
315.000000 0.000000 3.199364
316.000000 0.000000 3.117711
317.000000 0.000000 2.954406
318.000000 5.000000 2.791102
319.000000 5.000000 2.658416
320.000000 0.000000 2.627797
321.000000 0.000000 2.586970
322.000000 5.000000 2.505318
323.000000 0.000000 2.464492
324.000000 5.000000 2.433872
325.000000 5.000000 2.413459
326.000000 0.000000 2.454285
327.000000 0.000000 2.495111
328.000000 0.000000 2.454285
329.000000 5.000000 2.362426
330.000000 0.000000 2.311393
331.000000 0.000000 2.280774
332.000000 0.000000 2.209328
333.000000 0.000000 2.097056
334.000000 0.000000 1.984784
335.000000 0.000000 1.852098
336.000000 5.000000 1.699000
337.000000 5.000000 1.617348
338.000000 0.000000 1.637761
339.000000 5.000000 1.678587
340.000000 0.000000 1.760239
341.000000 0.000000 1.811272
342.000000 5.000000 1.780652
343.000000 5.000000 1.790859
344.000000 0.000000 1.862305
345.000000 5.000000 1.964370
346.000000 0.000000 2.015403
347.000000 5.000000 2.086849
348.000000 5.000000 2.137882
349.000000 5.000000 2.239947
350.000000 5.000000 2.393046
351.000000 5.000000 2.556351
352.000000 0.000000 2.729862
353.000000 0.000000 2.852341
354.000000 5.000000 2.882961
355.000000 0.000000 2.852341
356.000000 5.000000 2.862547
357.000000 5.000000 2.852341
358.000000 5.000000 2.903374
359.000000 0.000000 2.985026
360.000000 0.000000 3.036059
361.000000 0.000000 3.005439
362.000000 5.000000 2.903374
363.000000 0.000000 2.801308
364.000000 5.000000 2.750275
365.000000 5.000000 2.719656
366.000000 0.000000 2.729862
367.000000 0.000000 2.740069
368.000000 0.000000 2.689036
369.000000 0.000000 2.566557
370.000000 0.000000 2.423665
371.000000 5.000000 2.290980
372.000000 0.000000 2.199121
373.000000 0.000000 2.137882
374.000000 5.000000 2.035816
375.000000 0.000000 1.984784
376.000000 0.000000 1.954164
377.000000 5.000000 1.892925
378.000000 0.000000 1.852098
379.000000 5.000000 1.872511
380.000000 5.000000 1.862305
381.000000 5.000000 1.954164
382.000000 0.000000 2.097056
383.000000 5.000000 2.178708
384.000000 0.000000 2.270567
385.000000 5.000000 2.331806
386.000000 5.000000 2.382839
387.000000 5.000000 2.484905
388.000000 0.000000 2.617590
389.000000 5.000000 2.699243
390.000000 0.000000 2.770688
391.000000 0.000000 2.801308
392.000000 0.000000 2.760482
393.000000 0.000000 2.689036
394.000000 0.000000 2.505318
395.000000 0.000000 2.393046
396.000000 0.000000 2.229741
397.000000 5.000000 2.056229
398.000000 0.000000 1.974577
399.000000 5.000000 1.892925
400.000000 5.000000 1.872511
401.000000 5.000000 1.923544
402.000000 0.000000 2.015403
403.000000 0.000000 2.127675
404.000000 0.000000 2.137882
405.000000 5.000000 2.107262
406.000000 5.000000 2.076643
407.000000 0.000000 2.127675
408.000000 5.000000 2.209328
409.000000 5.000000 2.229741
410.000000 5.000000 2.331806
411.000000 5.000000 2.433872
412.000000 0.000000 2.617590
413.000000 0.000000 2.729862
414.000000 5.000000 2.750275
415.000000 5.000000 2.740069
416.000000 0.000000 2.780895
417.000000 0.000000 2.842134
418.000000 0.000000 2.780895
419.000000 0.000000 2.668623
420.000000 0.000000 2.566557
421.000000 0.000000 2.433872
422.000000 5.000000 2.239947
423.000000 0.000000 2.148088
424.000000 5.000000 2.076643
425.000000 5.000000 2.046023
426.000000 5.000000 2.086849
427.000000 5.000000 2.188915
428.000000 5.000000 2.331806
429.000000 0.000000 2.495111
430.000000 5.000000 2.597177
431.000000 0.000000 2.689036
432.000000 5.000000 2.750275
433.000000 5.000000 2.760482
434.000000 0.000000 2.842134
435.000000 0.000000 2.893167
436.000000 0.000000 2.882961
437.000000 5.000000 2.760482
438.000000 5.000000 2.699243
439.000000 0.000000 2.719656
440.000000 5.000000 2.709449
441.000000 5.000000 2.709449
442.000000 0.000000 2.770688
443.000000 5.000000 2.791102
444.000000 0.000000 2.801308
445.000000 5.000000 2.821721
446.000000 0.000000 2.801308
447.000000 5.000000 2.801308
448.000000 0.000000 2.770688
449.000000 5.000000 2.780895
450.000000 0.000000 2.770688
451.000000 0.000000 2.760482
452.000000 0.000000 2.668623
453.000000 5.000000 2.546144
454.000000 0.000000 2.474698
455.000000 0.000000 2.413459
456.000000 0.000000 2.301187
457.000000 5.000000 2.209328
458.000000 0.000000 2.107262
459.000000 5.000000 2.066436
460.000000 0.000000 2.056229
461.000000 5.000000 2.056229
462.000000 0.000000 2.056229
463.000000 5.000000 2.076643
464.000000 0.000000 2.086849
465.000000 0.000000 2.127675
466.000000 0.000000 2.086849
467.000000 5.000000 2.005197
468.000000 5.000000 1.984784
469.000000 5.000000 2.025610
470.000000 0.000000 2.148088
471.000000 5.000000 2.219534
472.000000 5.000000 2.280774
473.000000 5.000000 2.393046
474.000000 5.000000 2.535938
475.000000 5.000000 2.699243
476.000000 0.000000 2.862547
477.000000 5.000000 2.974820
478.000000 0.000000 3.056472
479.000000 0.000000 3.087092
480.000000 5.000000 3.036059
481.000000 0.000000 2.995233
482.000000 0.000000 2.954406
483.000000 5.000000 2.831928
484.000000 5.000000 2.760482
485.000000 0.000000 2.780895
486.000000 5.000000 2.770688
487.000000 0.000000 2.760482
488.000000 5.000000 2.760482
489.000000 5.000000 2.740069
490.000000 0.000000 2.791102
491.000000 5.000000 2.831928
492.000000 5.000000 2.821721
493.000000 5.000000 2.893167
494.000000 5.000000 2.974820
495.000000 0.000000 3.107505
496.000000 0.000000 3.168744
497.000000 0.000000 3.138124
498.000000 5.000000 3.046265
499.000000 5.000000 2.995233
