0.000000
-0.009565
-0.013894
-0.017076
-0.019415
-0.021135
-0.019696
-0.013231
-0.011182
-0.009676
0.004948
0.012995
0.024318
0.035345
0.046154
0.059508
0.080137
0.092600
0.109871
0.127975
0.146690
0.163152
0.183363
0.200925
0.219242
0.240817
0.262085
0.285829
0.308692
0.330905
0.352642
0.376731
0.402550
0.429641
0.454963
0.487094
0.513419
0.538178
0.564489
0.591941
0.622936
0.653831
0.679247
0.706041
0.733848
0.762400
0.780687
0.813053
0.847660
0.875804
0.907307
0.938576
0.966970
0.993250
1.017977
1.046967
1.079092
1.110819
1.142252
1.176173
1.206517
1.236933
1.270107
1.294494
1.325939
1.359868
1.379405
1.412690
1.439862
1.473354
1.506085
1.535554
1.568031
1.600016
1.626233
1.650912
1.682572
1.713956
1.739731
1.774899
1.806159
1.831843
1.861537
1.888773
1.916906
1.945697
1.966863
2.001345
2.032102
2.062822
2.093515
2.121486
2.150158
2.173939
2.196829
2.227172
2.257589
2.279949
2.307200
2.329937
2.360169
2.387800
2.413519
2.440536
2.465804
2.495193
2.519501
2.550887
2.576664
2.601020
2.629738
2.650850
2.674481
2.699962
2.724101
2.747254
2.772383
2.796264
2.816523
2.842229
2.861127
2.883130
2.910118
2.932661
2.954641
2.981611
3.001439
3.018718
3.036828
3.047437
3.068753
3.087127
3.100634
3.115970
3.132651
3.150321
3.149794
3.160219
3.170587
3.178209
3.181109
3.185944
3.184092
3.188137
3.185704
3.186618
3.179181
3.181823
3.181063
3.177800
3.178105
3.175625
3.171100
3.167773
3.154513
3.147469
3.139588
3.133793
3.129534
3.110183
3.098660
3.090190
3.081259
3.071991
3.062474
3.047368
3.030856
3.021421
3.006375
2.989907
2.980505
2.957372
2.945774
2.926434
2.914920
2.901048
2.885444
2.873973
2.857431
2.839863
2.818838
2.803382
2.792020
2.775557
2.755344
2.732375
2.718193
2.699658
2.683328
2.665917
2.647710
2.628920
2.609699
2.592866
2.564272
2.548657
2.529069
2.514668
2.495972
2.479524
2.459323
2.439065
2.421470
2.403129
2.381535
2.360254
2.344610
2.324999
2.299769
2.281222
2.264883
2.242059
2.225280
2.202132
2.185115
2.169901
2.153311
2.133005
2.109967
2.093031
2.075174
2.059343
2.039595
2.022375
2.001605
1.986337
1.958892
1.946827
1.929847
1.911958
1.893400
1.879758
1.864322
1.847568
1.829845
1.808706
1.790463
1.777051
1.759082
1.737762
1.724792
1.701741
1.684796
1.669635
1.653083
1.632805
1.615194
1.599545
1.585337
1.569486
1.549723
1.535194
1.519107
1.507281
1.495884
1.482098
1.466558
1.455133
1.444031
1.425056
1.405701
1.388768
1.376321
1.367170
1.352333
1.338722
1.315200
1.306018
1.296564
1.281504
1.270434
1.251482
1.237549
1.224604
1.209680
1.198710
1.185238
1.175334
1.162647
1.150617
1.136367
1.123187
1.110795
1.098982
1.087595
1.076520
1.065675
1.054999
1.036338
1.028025
1.021915
1.006609
0.995358
0.981680
0.968921
0.959542
0.949943
0.937481
0.928319
0.916177
0.907251
0.895282
0.883780
0.875325
0.863702
0.855158
0.846174
0.836866
0.819209
0.811636
0.803366
0.799989
0.792100
0.783597
0.774643
0.768061
0.757815
0.744876
0.735365
0.725669
0.715838
0.711314
0.699879
0.691472
0.674479
0.670096
0.664171
0.659815
0.653909
0.649568
0.640970
0.634649
0.627299
0.608380
0.602581
0.601021
0.591764
0.590366
0.589338
0.580473
0.573955
0.566461
0.558248
0.549507
0.540378
0.533667
0.528734
0.522403
0.517750
0.511625
0.507123
0.498406
0.491999
0.484585
0.473728
0.471153
0.461151
0.456501
0.455785
0.444446
0.441517
0.436661
0.433090
0.427762
0.421142
0.410869
0.408723
0.407145
0.400579
0.395752
0.392204
0.384188
0.378296
0.371261
0.371496
0.366262
0.362414
0.362289
0.354087
0.350761
0.348315
0.343815
0.340506
0.335370
0.331594
0.323412
0.322804
0.319653
0.314634
0.308240
0.308947
0.304060
0.295060
0.283038
0.279607
0.277084
0.275229
0.273866
0.275567
0.266005
0.261678
0.258497
0.250753
0.247762
0.245564
0.246651
0.239341
0.239373
0.233990
0.230033
0.227124
0.230392
0.224684
0.225895
0.224082
0.217342
0.217794
0.218127
0.215668
0.213860
0.215235
0.208135
0.208323
0.200350
0.194490
0.184775
0.183040
0.181764
0.180826
0.172027
0.170965
0.167481
0.170326
0.164308
0.162587
0.161322
0.160392
0.162411
0.158489
0.158309
0.155474
0.150686
0.144463
0.139888
0.133822
0.137472
0.140156
0.136722
0.134197
0.126935
0.127002
0.127052
0.127089
0.127115
0.124432
0.122459
0.115603
0.110562
0.101450
0.108267
0.107873
0.102176
0.103394
0.101587
0.100259
0.099282
0.101267
0.097320
0.097122
0.091569
0.092894
0.091164
0.092596
0.082836
0.083770
0.087161
0.086950
0.084091
0.087397
0.084420
0.087638
0.081894
0.077672
0.077271
0.071569
0.072785
0.070975
0.072348
0.073357
0.071395
0.069953
0.068893
0.057301
0.056889
0.061992
0.063041
0.061109
0.062391
0.055224
0.055362
