-0.032712
-0.034413
-0.031011
-0.022506
-0.012299
-0.010598
-0.003794
0.004712
0.016619
0.023424
0.033630
0.042136
0.054044
0.067652
0.089767
0.103375
0.125489
0.140799
0.162914
0.178223
0.205441
0.215647
0.236060
0.268381
0.281990
0.307506
0.333023
0.348332
0.382354
0.389159
0.431686
0.450398
0.491224
0.503132
0.532051
0.557567
0.586485
0.617105
0.647725
0.669839
0.697056
0.727676
0.754894
0.783812
0.816133
0.845051
0.875671
0.901188
0.931807
0.967530
0.991346
1.020264
1.054286
1.086607
1.110422
1.135938
1.169960
1.198879
1.229498
1.268624
1.294140
1.317955
1.357081
1.385999
1.414917
1.448940
1.481260
1.506776
1.537396
1.562913
1.595233
1.619049
1.654772
1.687092
1.714310
1.751734
1.777250
1.802767
1.833386
1.862305
1.887822
1.920142
1.947359
1.983082
2.006898
2.034115
2.064735
2.083447
2.122572
2.142985
2.171904
2.199121
2.236545
2.262062
2.289279
2.313094
2.347116
2.369231
2.387943
2.423665
2.438976
2.469595
2.495111
2.522329
2.551247
2.566557
2.598878
2.624395
2.644808
2.675427
2.692438
2.709449
2.750275
2.774090
2.791102
2.808113
2.845536
2.862547
2.877857
2.911879
2.937395
2.952705
2.974820
3.003738
3.022450
3.051369
3.056472
3.092195
3.105804
3.126217
3.148331
3.172146
3.195961
3.207869
3.231684
3.248696
3.272511
3.287821
3.316739
3.325245
3.354163
3.366071
3.391587
3.410299
3.425609
3.435816
3.457930
3.481745
3.500457
3.515767
3.527675
3.551490
3.570202
3.588914
3.599120
3.614431
3.631442
3.648452
3.660360
3.684175
3.704588
3.713094
3.731806
3.738610
3.760724
3.776034
3.789643
3.804953
3.810056
3.816861
3.854284
3.862790
3.876399
3.895111
3.905317
3.910421
3.924029
3.944442
3.952948
3.978464
3.990372
3.995475
3.998878
4.019291
4.027796
4.048209
4.063519
4.066921
4.083932
4.094138
4.104345
4.112851
4.124758
4.128160
4.136666
4.158780
4.167285
4.180894
4.197905
4.197905
4.214916
4.220019
4.235329
4.247237
4.243835
4.257443
4.267650
4.279558
4.296569
4.306775
4.299971
4.318682
4.327188
4.335693
4.349303
4.347601
4.369716
4.369716
4.388427
4.386727
4.400335
4.408840
4.425851
4.424150
4.430955
4.437759
4.458172
4.454770
4.461575
4.471781
4.476884
4.488792
4.490493
4.493895
4.510906
4.516009
4.517710
4.522814
4.533021
4.541526
4.553433
4.560238
4.560238
4.570445
4.575548
4.587455
4.592558
4.595961
4.602765
4.601064
4.607868
4.616374
4.619776
4.633385
4.638488
4.629983
4.646994
4.657200
4.655499
4.664004
4.669108
4.677613
4.681015
4.679314
4.691222
4.701428
4.698026
4.703129
4.708233
4.715038
4.716739
4.725244
4.728646
4.732048
4.732049
4.750760
4.752461
4.750760
4.760967
4.760967
4.767771
4.769472
4.767771
4.777978
4.777978
4.786483
4.791586
4.800092
4.789885
4.791586
4.798391
4.800092
4.817103
4.813701
4.823907
4.825608
4.820505
4.829010
4.832413
4.830712
4.842619
4.844320
4.847722
4.846022
4.857929
4.844320
4.854527
4.868136
4.861331
4.873239
4.869836
4.859630
4.883445
4.883445
4.873239
4.886848
4.891951
4.886847
4.895353
4.891951
4.902158
4.898755
4.907261
4.908962
4.903859
4.908962
4.917467
4.920870
4.907261
4.927674
4.919169
4.925973
4.931076
4.929375
4.937880
4.936179
4.936179
4.934478
4.934478
4.948087
4.942984
4.954891
4.951489
4.951489
4.965098
4.953190
4.956592
4.959995
4.959994
4.961696
4.965098
4.966799
4.965098
4.977005
4.968500
4.968500
4.968500
4.980408
4.978707
4.973603
4.978707
4.983810
4.982109
4.990614
4.985511
4.990614
4.990615
4.999120
4.994016
4.997419
4.997419
4.995718
4.999120
5.005924
5.002522
5.000821
4.992315
5.000821
4.999120
4.995718
5.011027
5.012729
5.011027
5.019533
5.007625
5.012729
5.017832
5.022935
5.019533
5.017832
5.024636
5.033142
5.026337
5.021234
5.019533
5.026337
5.024636
5.038245
5.031440
5.041647
5.033142
5.043348
5.034843
5.043348
5.034843
5.036544
5.036544
5.038245
5.048451
5.041647
5.043348
5.043348
5.048451
5.048451
5.050152
5.050152
5.045049
5.051853
5.055256
5.048451
5.056957
5.051853
5.058658
5.055256
5.055256
5.051853
5.058658
5.058658
5.056957
5.062060
5.058658
5.058658
5.063761
5.072267
5.060359
5.073968
5.067163
5.060359
5.062060
5.060359
5.056957
5.072267
5.067163
5.070566
5.063761
5.072267
5.072267
5.065462
5.068864
5.063761
5.072267
5.080772
5.075669
5.073968
5.082473
5.079071
5.073968
5.080772
5.079071
5.068865
5.077370
5.080772
5.084174
5.079071
5.080772
5.077370
5.080772
5.077370
5.079071
5.077370
5.082473
5.075669
5.085876
5.080772
5.087577
5.089278
5.082473
5.080772
5.079071
5.087577
5.077370
5.092680
5.082473
5.092680
5.087577
5.089278
5.077370
5.090979
5.085876
5.085876
5.090979
5.096082
5.089278
5.090979
5.085876
5.089278
5.092680
5.087577
5.096082
5.096082
